0 38.1909
10 38.0012
20 37.7734
30 37.5037
40 37.2066
50 36.9099
60 36.6512
70 36.4656
80 36.3768
90 36.3918
100 36.5015
110 36.6798
120 36.8913
130 37.0976
140 37.2647
150 37.3682
160 37.3953
170 37.347
180 37.2343
190 37.0751
200 36.8911
210 36.7039
220 36.5309
230 36.3837
240 36.2671
250 36.1808
260 36.1196
270 36.0751
280 36.0358
290 35.9918
300 35.9331
310 35.8534
320 35.7474
330 35.6141
340 35.4552
350 35.2742
360 35.0767
370 34.8686
380 34.6561
390 34.4446
400 34.2385
410 34.0414
420 33.8542
430 33.6772
440 33.5085
450 33.0745
460 32.6959
470 32.3816
480 32.1339
490 31.9495
500 31.8212
510 31.7379
520 31.686
530 31.6509
540 31.6174
550 31.5717
560 31.5019
570 31.3979
580 31.2533
590 31.0637
600 30.8284
610 30.5489
620 30.2295
630 29.876
640 29.4956
650 29.0963
660 28.6862
670 28.2735
680 27.8654
690 27.4682
700 27.0869
710 26.7251
720 26.3849
730 26.0669
740 25.7706
750 25.4938
760 25.2339
770 24.9868
780 24.7488
790 24.5519
800 24.3501
810 24.1391
820 23.9146
830 23.6735
840 23.4131
850 23.1319
860 22.8291
870 22.5046
880 22.1587
890 21.7929
900 21.4089
910 21.0089
920 20.5954
930 20.171
940 19.7385
950 19.3008
960 18.8604
970 18.4201
980 17.9822
990 17.5488
1000 17.1216
