0 0.0647036
10 0.0689554
20 0.0736443
30 0.078362
40 0.083651
50 0.0890382
60 0.0942687
70 0.0998866
80 0.105785
90 0.112303
100 0.118012
110 0.124033
120 0.130293
130 0.137002
140 0.143099
150 0.149017
160 0.155371
170 0.161483
180 0.167829
190 0.174045
200 0.180517
210 0.186902
220 0.193129
230 0.199161
240 0.205063
250 0.210811
260 0.216702
270 0.222273
280 0.228141
290 0.233713
300 0.239268
310 0.244896
320 0.25064
330 0.25609
340 0.261378
350 0.266875
360 0.272293
370 0.277882
380 0.283283
390 0.288576
400 0.293606
410 0.298603
420 0.30351
430 0.308487
440 0.313426
450 0.318589
460 0.32343
470 0.328261
480 0.332963
490 0.337676
500 0.342363
510 0.34694
520 0.351611
530 0.356103
540 0.360477
550 0.364872
560 0.369257
570 0.37347
580 0.377638
590 0.381832
600 0.385882
610 0.389807
620 0.393634
630 0.397429
640 0.401167
650 0.404719
660 0.408449
670 0.411888
680 0.415356
690 0.418598
700 0.421735
710 0.424807
720 0.427916
730 0.430876
740 0.433697
750 0.436368
760 0.438939
770 0.441478
780 0.443908
790 0.446267
800 0.448481
810 0.450698
820 0.452801
830 0.45478
840 0.456707
850 0.458522
860 0.46011
870 0.461534
880 0.462852
890 0.464148
900 0.465168
910 0.466154
920 0.467061
930 0.467797
940 0.468516
950 0.469024
960 0.469442
970 0.469741
980 0.469996
990 0.470004
1000 0.46994
