0 -0.200433
10 -0.1968
20 -0.19399
30 -0.190946
40 -0.189106
50 -0.187631
60 -0.186332
70 -0.18576
80 -0.18565
90 -0.185112
100 -0.185335
110 -0.185832
120 -0.185998
130 -0.18639
140 -0.186931
150 -0.187762
160 -0.188225
170 -0.188829
180 -0.189722
190 -0.190163
200 -0.190913
210 -0.191894
220 -0.193028
230 -0.194042
240 -0.19496
250 -0.195667
260 -0.196487
270 -0.197236
280 -0.197922
290 -0.198586
300 -0.199173
310 -0.199839
320 -0.200534
330 -0.201283
340 -0.201913
350 -0.202859
360 -0.203702
370 -0.204584
380 -0.205302
390 -0.206045
400 -0.206866
410 -0.207597
420 -0.20842
430 -0.209284
440 -0.210011
450 -0.210846
460 -0.211783
470 -0.212829
480 -0.213794
490 -0.214822
500 -0.216025
510 -0.21721
520 -0.218502
530 -0.219788
540 -0.221208
550 -0.222698
560 -0.224312
570 -0.225948
580 -0.227728
590 -0.229666
600 -0.231673
610 -0.233887
620 -0.236185
630 -0.238592
640 -0.241206
650 -0.244041
660 -0.246853
670 -0.249753
680 -0.252868
690 -0.256072
700 -0.259431
710 -0.262924
720 -0.266616
730 -0.270425
740 -0.274434
750 -0.278536
760 -0.28285
770 -0.28734
780 -0.291884
790 -0.296651
800 -0.301568
810 -0.306733
820 -0.312087
830 -0.317603
840 -0.323388
850 -0.329302
860 -0.335566
870 -0.341982
880 -0.348657
890 -0.35554
900 -0.362689
910 -0.369957
920 -0.377429
930 -0.385242
940 -0.393268
950 -0.401509
960 -0.410034
970 -0.418751
980 -0.427856
990 -0.437151
1000 -0.446703
