0 -0.262578
10 -0.27011
20 -0.278468
30 -0.28606
40 -0.29503
50 -0.303284
60 -0.312017
70 -0.321099
80 -0.330462
90 -0.340079
100 -0.348757
110 -0.357954
120 -0.367462
130 -0.376582
140 -0.38621
150 -0.395813
160 -0.405943
170 -0.416657
180 -0.427604
190 -0.438587
200 -0.449568
210 -0.460925
220 -0.471883
230 -0.482947
240 -0.494174
250 -0.505193
260 -0.516608
270 -0.528369
280 -0.539854
290 -0.551617
300 -0.563407
310 -0.575638
320 -0.587663
330 -0.599959
340 -0.612605
350 -0.625087
360 -0.637589
370 -0.650112
380 -0.662695
390 -0.6758
400 -0.688956
410 -0.702344
420 -0.715783
430 -0.72942
440 -0.743057
450 -0.757278
460 -0.771421
470 -0.78589
480 -0.800283
490 -0.814872
500 -0.829652
510 -0.844543
520 -0.859558
530 -0.874566
540 -0.889485
550 -0.904914
560 -0.920505
570 nan
580 nan
590 nan
600 nan
610 nan
620 nan
630 nan
640 nan
650 nan
660 nan
670 nan
680 nan
690 nan
700 nan
710 nan
720 nan
730 nan
740 nan
750 nan
760 nan
770 nan
780 nan
790 nan
800 nan
810 nan
820 nan
830 nan
840 nan
850 nan
860 nan
870 nan
880 nan
890 nan
900 nan
910 nan
920 nan
930 nan
940 nan
950 nan
960 nan
970 nan
980 nan
990 nan
1000 nan
