0 -0.116697
10 -0.119316
20 -0.119762
30 -0.120962
40 -0.121857
50 -0.12284
60 -0.123059
70 -0.122997
80 -0.122308
90 -0.121742
100 -0.120949
110 -0.119288
120 -0.11748
130 -0.116298
140 -0.114728
150 -0.112882
160 -0.111098
170 -0.10924
180 -0.107474
190 -0.10553
200 -0.103997
210 -0.102701
220 -0.101297
230 -0.0996908
240 -0.0980891
250 -0.095871
260 -0.0938832
270 -0.091715
280 -0.0898189
290 -0.0876712
300 -0.0858606
310 -0.0840605
320 -0.0825477
330 -0.0809703
340 -0.0791349
350 -0.0775962
360 -0.075975
370 -0.0745331
380 -0.0733462
390 -0.0720975
400 -0.0704212
410 -0.0689076
420 -0.0673001
430 -0.0658528
440 -0.0643677
450 -0.0633489
460 -0.0620099
470 -0.0607482
480 -0.0594001
490 -0.0582973
500 -0.0574012
510 -0.0564139
520 -0.0553766
530 -0.0545285
540 -0.0535429
550 -0.0526333
560 -0.0519554
570 -0.0512388
580 -0.0506464
590 -0.0500536
600 -0.0494016
610 -0.0487191
620 -0.0482514
630 -0.0479345
640 -0.0476367
650 -0.0473178
660 -0.047127
670 -0.0468456
680 -0.0466534
690 -0.0465782
700 -0.0463933
710 -0.0463289
720 -0.0463856
730 -0.0464737
740 -0.0464925
750 -0.0465408
760 -0.0466432
770 -0.046904
780 -0.0471853
790 -0.0474778
800 -0.0478785
810 -0.0483817
820 -0.0490204
830 -0.0497079
840 -0.0505752
850 -0.0515356
860 -0.0524152
870 -0.0531818
880 -0.0540023
890 -0.0550687
900 -0.0559929
910 -0.0570145
920 -0.058122
930 -0.0592379
940 -0.0606393
950 -0.0620283
960 -0.0634156
970 -0.0649614
980 -0.0666399
990 -0.0682405
1000 -0.0699643
