0 -0.0654918
10 -0.067111
20 -0.0680296
30 -0.0697633
40 -0.070853
50 -0.0720961
60 -0.073257
70 -0.0742237
80 -0.0751364
90 -0.0758465
100 -0.077028
110 -0.0778246
120 -0.0786177
130 -0.0797399
140 -0.0806818
150 -0.0817645
160 -0.0825396
170 -0.0830749
180 -0.0834881
190 -0.0839285
200 -0.084368
210 -0.0848465
220 -0.0854448
230 -0.0863004
240 -0.0871608
250 -0.0881786
260 -0.0889557
270 -0.0897245
280 -0.0905507
290 -0.0912441
300 -0.0921605
310 -0.0929246
320 -0.0938943
330 -0.0949576
340 -0.0957737
350 -0.0968324
360 -0.0979728
370 -0.0991058
380 -0.100342
390 -0.101412
400 -0.102479
410 -0.103642
420 -0.104735
430 -0.105967
440 -0.107498
450 -0.108791
460 -0.110238
470 -0.111577
480 -0.113171
490 -0.114747
500 -0.116292
510 -0.118002
520 -0.119692
530 -0.121597
540 -0.123616
550 -0.125594
560 -0.127585
570 nan
580 nan
590 nan
600 nan
610 nan
620 nan
630 nan
640 nan
650 nan
660 nan
670 nan
680 nan
690 nan
700 nan
710 nan
720 nan
730 nan
740 nan
750 nan
760 nan
770 nan
780 nan
790 nan
800 nan
810 nan
820 nan
830 nan
840 nan
850 nan
860 nan
870 nan
880 nan
890 nan
900 nan
910 nan
920 nan
930 nan
940 nan
950 nan
960 nan
970 nan
980 nan
990 nan
1000 nan
