0 0.107801
10 0.105841
20 0.103278
30 0.100056
40 0.0966587
50 0.0915814
60 0.0859545
70 0.077994
80 0.0696979
90 0.0598217
100 0.0497575
110 0.0381023
120 0.0261001
130 0.013966
140 0.00188914
150 -0.0106034
160 -0.023229
170 -0.0361168
180 -0.0493427
190 -0.0624163
200 -0.0757379
210 -0.0887453
220 -0.102099
230 -0.114914
240 -0.127622
250 -0.140378
260 -0.15315
270 -0.165997
280 -0.178828
290 -0.191673
300 -0.204092
310 -0.216539
320 -0.229191
330 -0.24163
340 -0.254211
350 -0.267072
360 -0.279701
370 -0.292422
380 -0.305089
390 -0.317704
400 -0.330016
410 -0.342298
420 -0.354724
430 -0.367004
440 -0.379318
450 -0.391623
460 -0.403699
470 -0.415749
480 -0.427391
490 -0.439086
500 -0.450736
510 -0.462294
520 -0.473762
530 -0.485163
540 -0.496754
550 -0.508118
560 -0.519457
570 -0.530804
580 -0.542121
590 -0.553245
600 -0.564305
610 -0.575303
620 -0.586256
630 -0.597245
640 -0.60809
650 -0.618787
660 -0.62945
670 -0.640153
680 -0.650752
690 -0.661353
700 -0.671908
710 -0.682469
720 -0.693057
730 -0.70364
740 -0.714173
750 -0.724685
760 -0.735157
770 -0.745737
780 -0.756301
790 -0.766852
800 -0.777371
810 -0.787963
820 -0.798536
830 -0.808988
840 -0.819458
850 -0.829908
860 -0.840442
870 -0.850936
880 -0.861419
890 -0.871965
900 -0.882468
910 -0.892992
920 -0.903599
930 -0.914178
940 -0.924729
950 -0.935329
960 -0.946016
970 -0.956668
980 -0.967374
990 -0.978172
1000 -0.988991
