0 0.0676366
10 0.0685706
20 0.0689383
30 0.0689267
40 0.0686203
50 0.0678269
60 0.0665448
70 0.0655245
80 0.0641778
90 0.0623897
100 0.0605148
110 0.058375
120 0.0562356
130 0.054173
140 0.0520096
150 0.0500431
160 0.0478396
170 0.0453654
180 0.0431226
190 0.040676
200 0.0386162
210 0.0361732
220 0.033898
230 0.0316214
240 0.0293648
250 0.0269731
260 0.0245403
270 0.0222769
280 0.0198982
290 0.0176944
300 0.0153635
310 0.0131852
320 0.0111428
330 0.00896677
340 0.00682409
350 0.0046539
360 0.00254963
370 0.000639036
380 -0.00128682
390 -0.00330809
400 -0.0051448
410 -0.00707997
420 -0.00897606
430 -0.0107836
440 -0.0125382
450 -0.0141221
460 -0.0156782
470 -0.0172117
480 -0.0186892
490 -0.0200366
500 -0.021322
510 -0.0225149
520 -0.0236712
530 -0.0245694
540 -0.0255701
550 -0.0263614
560 -0.0270574
570 -0.0277961
580 -0.0284013
590 -0.0288841
600 -0.0293362
610 -0.0296001
620 -0.0297567
630 -0.0297376
640 -0.0296274
650 -0.0293592
660 -0.0289922
670 -0.0284564
680 -0.0277393
690 -0.0269324
700 -0.025954
710 -0.0249587
720 -0.0236948
730 -0.0223008
740 -0.0207825
750 -0.0190934
760 -0.0171889
770 -0.0151324
780 -0.0128647
790 -0.0104412
800 -0.00782301
810 -0.00509465
820 -0.00201233
830 0.0011809
840 0.00454844
850 0.00819284
860 0.0120304
870 0.0160194
880 0.020244
890 0.0247341
900 0.0294464
910 0.0343095
920 0.039461
930 0.0448168
940 0.0503916
950 0.0563468
960 0.0625433
970 0.0689956
980 0.0757446
990 0.0827327
1000 0.089934
