0 0.0200033
10 0.0142814
20 0.0119971
30 0.0108271
40 0.0101574
50 0.00973981
60 0.0094547
70 0.00923963
80 0.0090611
90 0.00890111
100 0.00875021
110 0.00860366
120 0.00845932
130 0.00831639
140 0.0081748
150 0.00803477
160 0.00789666
170 0.00776083
180 0.00762759
190 0.00749721
200 0.00736988
210 0.00724573
220 0.00712486
230 0.0070073
240 0.00689304
250 0.00678208
260 0.00667434
270 0.00656978
280 0.00646831
290 0.00636984
300 0.0062743
310 0.00618157
320 0.00609157
330 0.0060042
340 0.00591937
350 0.00583698
360 0.00575693
370 0.00567916
380 0.00560356
390 0.00553005
400 0.00545856
410 0.00538901
420 0.00532134
430 0.00525546
440 0.00519131
450 0.00514152
460 0.00509211
470 0.00504311
480 0.00499455
490 0.00494647
500 0.0048989
510 0.00485188
520 0.00480542
530 0.00475956
540 0.0047143
550 0.00466967
560 0.00462567
570 0.00458233
580 0.00453965
590 0.00449762
600 0.00445628
610 0.0044156
620 0.00437559
630 0.00433626
640 0.00429759
650 0.0042596
660 0.00422227
670 0.0041856
680 0.00414958
690 0.00411422
700 0.0040795
710 0.00404542
720 0.00401196
730 0.00397913
740 0.00394692
750 0.00391531
760 0.00388431
770 0.00385389
780 0.00382407
790 0.00380101
800 0.00377821
810 0.00375569
820 0.00373343
830 0.00371145
840 0.00368976
850 0.00366836
860 0.00364726
870 0.00362645
880 0.00360595
890 0.00358575
900 0.00356586
910 0.00354628
920 0.00352702
930 0.00350807
940 0.00348944
950 0.00347113
960 0.00345314
970 0.00343547
980 0.00341813
990 0.0034011
1000 0.0033844
