0 -0.121864
10 -0.0672388
20 -0.0503776
30 -0.0436868
40 -0.0407421
50 -0.0399982
60 -0.0402196
70 -0.0402433
80 -0.0420278
90 -0.0431674
100 -0.0451154
110 -0.0458925
120 -0.0463788
130 -0.0472636
140 -0.0482811
150 -0.0491634
160 -0.049884
170 -0.0501712
180 -0.050641
190 -0.0513672
200 -0.0513902
210 -0.0507207
220 -0.0514139
230 -0.0518849
240 -0.0521994
250 -0.0526942
260 -0.0532375
270 -0.0529007
280 -0.0528997
290 -0.0535816
300 -0.0537024
310 -0.053844
320 -0.0541759
330 -0.0541695
340 -0.0540918
350 -0.0545226
360 -0.0547287
370 -0.0548996
380 -0.0555183
390 -0.0560757
400 -0.0560043
410 -0.0561835
420 -0.0565265
430 -0.056717
440 -0.0568839
450 -0.0588653
460 -0.0585889
470 -0.0589026
480 -0.0588321
490 -0.0591497
500 -0.0592576
510 -0.0593955
520 -0.059398
530 -0.05959
540 -0.0595144
550 -0.059718
560 -0.0597691
570 -0.0598509
580 -0.0603021
590 -0.0603233
600 -0.0605754
610 -0.0608627
620 -0.0607224
630 -0.0609518
640 -0.0611858
650 -0.0612455
660 -0.0613923
670 -0.0616035
680 -0.0616902
690 -0.0619952
700 -0.0621178
710 -0.0622263
720 -0.0624571
730 -0.0625248
740 -0.0627109
750 -0.0629488
760 -0.0630382
770 -0.0631447
780 -0.063322
790 -0.0716328
800 -0.0711943
810 -0.0710952
820 -0.0707574
830 -0.0703795
840 -0.0700235
850 -0.0699595
860 -0.0697243
870 -0.0695591
880 -0.069293
890 -0.0691908
900 -0.0690841
910 -0.0689776
920 -0.0687223
930 -0.068769
940 -0.0686428
950 -0.0684241
960 -0.0682654
970 -0.0681261
980 -0.0680992
990 -0.0679127
1000 -0.0678216
