0 0.0189237
10 0.0181281
20 0.016797
30 0.015736
40 0.0142993
50 0.0119598
60 0.00904464
70 0.00528383
80 0.000736203
90 -0.00356341
100 -0.00853513
110 -0.0139783
120 -0.0195973
130 -0.0252771
140 -0.0311545
150 -0.036975
160 -0.0431989
170 -0.0491769
180 -0.0551693
190 -0.0609769
200 -0.0670123
210 -0.0728424
220 -0.0789525
230 -0.0847395
240 -0.0906525
250 -0.0966652
260 -0.102661
270 -0.108554
280 -0.114282
290 -0.120001
300 -0.125794
310 -0.13176
320 -0.137324
330 -0.143106
340 -0.148763
350 -0.154494
360 -0.160187
370 -0.165757
380 -0.171409
390 -0.176916
400 -0.182558
410 -0.188052
420 -0.193558
430 -0.199072
440 -0.204571
450 -0.209859
460 -0.21525
470 -0.220673
480 -0.226144
490 -0.231561
500 -0.237045
510 -0.242553
520 -0.248045
530 -0.253489
540 -0.25896
550 -0.264486
560 -0.270057
570 -0.275677
580 -0.281199
590 -0.286818
600 -0.292582
610 -0.298284
620 -0.304024
630 -0.309879
640 -0.315774
650 -0.321764
660 -0.327824
670 -0.333933
680 -0.340148
690 -0.346248
700 -0.352546
710 -0.358882
720 -0.365292
730 -0.371803
740 -0.378287
750 -0.384929
760 -0.391632
770 -0.398413
780 -0.405268
790 -0.41217
800 -0.419094
810 -0.426211
820 -0.43344
830 -0.440721
840 -0.448274
850 -0.455956
860 -0.463655
870 -0.471609
880 -0.479757
890 -0.488035
900 -0.496376
910 -0.504927
920 -0.513615
930 -0.522493
940 -0.531528
950 -0.540789
960 -0.550278
970 -0.559993
980 -0.56993
990 -0.57999
1000 -0.590223
