0 -0.0306815
10 -0.0181274
20 -0.0145633
30 -0.013116
40 -0.0131025
50 -0.011767
60 -0.0116519
70 -0.0117342
80 -0.0110918
90 -0.010781
100 -0.0100716
110 -0.0101133
120 -0.0100338
130 -0.00989044
140 -0.00911903
150 -0.00889241
160 -0.00858585
170 -0.00863864
180 -0.00813826
190 -0.00797451
200 -0.00791315
210 -0.00766688
220 -0.00708843
230 -0.00695859
240 -0.00682628
250 -0.00664234
260 -0.00650829
270 -0.00657842
280 -0.00640115
290 -0.00627255
300 -0.00614274
310 -0.00591008
320 -0.00605245
330 -0.00588296
340 -0.0060097
350 -0.00551486
360 -0.00550438
370 -0.0054801
380 -0.00507723
390 -0.00500557
400 -0.0049197
410 -0.00491627
420 -0.00472934
430 -0.00476114
440 -0.00470822
450 -0.00878812
460 -0.00850828
470 -0.00813138
480 -0.00797691
490 -0.00758361
500 -0.00731558
510 -0.00710495
520 -0.0070035
530 -0.00696792
540 -0.00688901
550 -0.00661586
560 -0.00656558
570 -0.00660027
580 -0.00637926
590 -0.00629213
600 -0.00622079
610 -0.00606943
620 -0.00616782
630 -0.00611777
640 -0.00615321
650 -0.00607724
660 -0.00602599
670 -0.00602179
680 -0.00601369
690 -0.00597084
700 -0.00593671
710 -0.00605159
720 -0.00599384
730 -0.00598631
740 -0.00602906
750 -0.00598044
760 -0.00612425
770 -0.00613395
780 -0.00623915
790 -0.0062997
800 -0.00650468
810 -0.00644139
820 -0.00657576
830 -0.00667993
840 -0.00685903
850 -0.00687607
860 -0.00697575
870 -0.00709867
880 -0.00721053
890 -0.00731441
900 -0.00739116
910 -0.00743147
920 -0.00754494
930 -0.00763312
940 -0.0077127
950 -0.00782566
960 -0.00798702
970 -0.00810764
980 -0.00820003
990 -0.00834135
1000 -0.00846303
