-0.121864 -0.0306815
-0.0672388 -0.0181274
-0.0503776 -0.0145633
-0.0436868 -0.013116
-0.0407421 -0.0131025
-0.0399982 -0.011767
-0.0402196 -0.0116519
-0.0402433 -0.0117342
-0.0420278 -0.0110918
-0.0431674 -0.010781
-0.0451154 -0.0100716
-0.0458925 -0.0101133
-0.0463788 -0.0100338
-0.0472636 -0.00989044
-0.0482811 -0.00911903
-0.0491634 -0.00889241
-0.049884 -0.00858585
-0.0501712 -0.00863864
-0.050641 -0.00813826
-0.0513672 -0.00797451
-0.0513902 -0.00791315
-0.0507207 -0.00766688
-0.0514139 -0.00708843
-0.0518849 -0.00695859
-0.0521994 -0.00682628
-0.0526942 -0.00664234
-0.0532375 -0.00650829
-0.0529007 -0.00657842
-0.0528997 -0.00640115
-0.0535816 -0.00627255
-0.0537024 -0.00614274
-0.053844 -0.00591008
-0.0541759 -0.00605245
-0.0541695 -0.00588296
-0.0540918 -0.0060097
-0.0545226 -0.00551486
-0.0547287 -0.00550438
-0.0548996 -0.0054801
-0.0555183 -0.00507723
-0.0560757 -0.00500557
-0.0560043 -0.0049197
-0.0561835 -0.00491627
-0.0565265 -0.00472934
-0.056717 -0.00476114
-0.0568839 -0.00470822
-0.0588653 -0.00878812
-0.0585889 -0.00850828
-0.0589026 -0.00813138
-0.0588321 -0.00797691
-0.0591497 -0.00758361
-0.0592576 -0.00731558
-0.0593955 -0.00710495
-0.059398 -0.0070035
-0.05959 -0.00696792
-0.0595144 -0.00688901
-0.059718 -0.00661586
-0.0597691 -0.00656558
-0.0598509 -0.00660027
-0.0603021 -0.00637926
-0.0603233 -0.00629213
-0.0605754 -0.00622079
-0.0608627 -0.00606943
-0.0607224 -0.00616782
-0.0609518 -0.00611777
-0.0611858 -0.00615321
-0.0612455 -0.00607724
-0.0613923 -0.00602599
-0.0616035 -0.00602179
-0.0616902 -0.00601369
-0.0619952 -0.00597084
-0.0621178 -0.00593671
-0.0622263 -0.00605159
-0.0624571 -0.00599384
-0.0625248 -0.00598631
-0.0627109 -0.00602906
-0.0629488 -0.00598044
-0.0630382 -0.00612425
-0.0631447 -0.00613395
-0.063322 -0.00623915
-0.0716328 -0.0062997
-0.0711943 -0.00650468
-0.0710952 -0.00644139
-0.0707574 -0.00657576
-0.0703795 -0.00667993
-0.0700235 -0.00685903
-0.0699595 -0.00687607
-0.0697243 -0.00697575
-0.0695591 -0.00709867
-0.069293 -0.00721053
-0.0691908 -0.00731441
-0.0690841 -0.00739116
-0.0689776 -0.00743147
-0.0687223 -0.00754494
-0.068769 -0.00763312
-0.0686428 -0.0077127
-0.0684241 -0.00782566
-0.0682654 -0.00798702
-0.0681261 -0.00810764
-0.0680992 -0.00820003
-0.0679127 -0.00834135
-0.0678216 -0.00846303
