0 0.0533099
10 0.0506987
20 0.047945
30 0.0450677
40 0.0424107
50 0.0399057
60 0.0365812
70 0.0336879
80 0.0306508
90 0.027376
100 0.0246541
110 0.02177
120 0.0187772
130 0.0158526
140 0.0127327
150 0.00959929
160 0.00656836
170 0.00356321
180 0.000532405
190 -0.00265694
200 -0.00586293
210 -0.00926606
220 -0.0124911
230 -0.0158027
240 -0.0192176
250 -0.0225358
260 -0.0259516
270 -0.0292799
280 -0.0329116
290 -0.0363393
300 -0.0399098
310 -0.0436399
320 -0.04737
330 -0.0511812
340 -0.0549883
350 -0.0589006
360 -0.0627904
370 -0.0668844
380 -0.0709931
390 -0.0753042
400 -0.0794284
410 -0.0838605
420 -0.0884825
430 -0.0930334
440 -0.0977588
450 -0.102298
460 -0.106972
470 -0.111734
480 -0.116719
490 -0.12181
500 -0.126968
510 -0.132309
520 -0.13763
530 -0.143222
540 -0.148831
550 -0.154687
560 -0.160598
570 nan
580 nan
590 nan
600 nan
610 nan
620 nan
630 nan
640 nan
650 nan
660 nan
670 nan
680 nan
690 nan
700 nan
710 nan
720 nan
730 nan
740 nan
750 nan
760 nan
770 nan
780 nan
790 nan
800 nan
810 nan
820 nan
830 nan
840 nan
850 nan
860 nan
870 nan
880 nan
890 nan
900 nan
910 nan
920 nan
930 nan
940 nan
950 nan
960 nan
970 nan
980 nan
990 nan
1000 nan
