0 -1.64361
0.1 -0.734616
0.2 -2.75439
0.3 -2.28424
0.4 -2.19269
0.5 -1.56558
0.6 -1.86816
0.7 -2.32653
0.8 -2.95177
0.9 -4.41939
1 -5.27667
1.1 -4.82281
1.2 -6.13218
1.3 -4.39899
1.4 -4.67788
1.5 -2.08572
1.6 -2.03078
1.7 -0.840696
1.8 -0.132911
1.9 -1.29834
2 -1.02282
2.1 -0.250667
2.2 1.21756
2.3 3.71689
2.4 5.79181
2.5 6.01798
2.6 5.93757
2.7 6.87904
2.8 7.53353
2.9 7.58332
3 12.1804
3.1 13.4262
3.2 13.0275
3.3 12.8903
3.4 11.8148
3.5 11.5903
3.6 11.0481
3.7 9.84625
3.8 10.7974
3.9 10.6756
4 9.32598
4.1 10.4176
4.2 12.2326
4.3 11.5394
4.4 10.7433
4.5 10.7354
4.6 9.57129
4.7 9.11364
4.8 9.2179
4.9 13.5777
5 11.4021
5.1 12.5294
5.2 11.1865
5.3 14.5315
5.4 15.4236
5.5 17.7601
5.6 19.7025
5.7 17.4318
5.8 17.5396
5.9 16.7954
6 16.6835
6.1 15.3422
6.2 15.5491
6.3 15.1125
6.4 14.9955
6.5 14.9185
6.6 14.7039
6.7 12.7589
6.8 12.3168
6.9 13.413
7 12.351
7.1 11.9763
7.2 12.5001
7.3 10.3711
7.4 10.6287
7.5 9.22772
7.6 5.94209
7.7 5.79151
7.79999 5.69554
7.89999 4.67981
7.99999 2.56957
8.09999 5.47686
8.2 4.8607
8.3 4.4327
8.4 2.83239
8.5 2.72415
8.6 2.11046
8.7 3.02529
8.8 0.687804
8.9 -0.105627
9 -1.28005
9.1 -0.579989
9.2 2.30279
9.3 2.11767
9.4 1.41452
9.5 2.42906
9.6 1.04886
9.7 -0.933887
9.8 -1.72232
9.9 -0.168805
10 -4.39546
10.1 -5.35123
10.2 -7.54908
10.3 -8.25224
10.4 -8.29579
10.5 -8.86869
10.6 -7.78255
10.7 -7.64876
10.8 -6.5664
10.9 -4.03638
11 -6.02087
11.1 -7.62064
11.2 -7.76796
11.3 -8.14574
11.4 -9.76609
11.5 -8.93515
11.6 -8.79987
11.7 -11.2909
11.8 -12.3859
11.9 -11.6095
12 -12.4491
12.1 -15.2991
12.2 -17.9027
12.3 -16.1172
12.4 -16.0248
12.5 -18.5439
12.6 -19.3371
12.7 -17.5898
12.8 -17.4004
12.9 -15.2646
13 -14.2109
13.1 -15.5244
13.2 -14.0003
13.3 -12.8958
13.4 -12.0775
13.5 -10.3769
13.6 -12.2182
13.7 -14.1687
13.8 -12.0901
13.9 -13.2671
14 -13.1148
14.1 -13.6592
14.2 -13.2998
14.3 -12.9864
14.4 -12.508
14.5 -12.4209
14.6 -13.5451
14.7 -13.4306
14.8 -16.2617
14.9 -15.3591
15 -16.4602
15.1 -15.4694
15.2 -15.9203
15.3 -15.6862
15.4 -16.6642
15.5 -17.2877
15.6 -15.5646
15.7 -16.5745
15.8 -15.8057
15.9 -16.2747
16 -16.5315
16.1 -17.6767
16.2 -17.2467
16.3 -16.6272
16.4 -18.1831
16.5 -19.2773
16.6 -17.2187
16.7 -14.5319
16.8 -13.8562
16.9 -11.4814
17 -10.9594
17.1 -11.413
17.2 -12.1557
17.3 -12.5905
17.4 -12.386
17.5 -11.9165
17.6 -10.5642
17.7 -8.16439
17.8 -7.52085
17.9 -7.89856
18 -8.55691
18.1 -7.59482
18.2 -7.59291
18.3 -9.5319
18.4 -10.2108
18.5 -10.3986
18.6 -9.33567
18.7 -9.63398
18.8 -7.10462
18.9 -6.39834
19 -5.05539
19.1 -4.84057
19.2 -7.43667
19.3 -8.97817
19.4 -7.39035
19.5 -8.24667
19.6 -6.34321
19.7 -6.16815
19.8 -7.74873
19.9 -9.12037
20 -6.6118
20.1 -7.72525
20.2 -6.4221
20.3 -6.58548
20.4 -5.11556
20.5 -5.96238
20.6 -4.73103
20.7 -6.25842
20.8 -8.48824
20.9 -8.36235
21 -6.21365
21.1 -7.268
21.2 -7.21521
21.3 -5.40411
21.4 -7.21378
21.5 -8.10102
21.6 -8.06447
21.7 -10.9462
21.8 -9.33132
21.9 -11.8034
22 -12.4015
22.1 -15.4894
22.2 -14.2888
22.3 -14.4858
22.4 -16.6426
22.5 -17.7025
22.6 -17.597
22.7001 -13.9987
22.8001 -14.527
22.9001 -15.6331
23.0001 -13.153
23.1001 -13.8121
23.2001 -10.6191
23.3001 -10.6642
23.4001 -11.4743
23.5001 -11.8342
23.6001 -12.8504
23.7001 -11.4308
23.8001 -15.529
23.9001 -12.5703
24.0001 -14.7311
24.1001 -14.6131
24.2001 -14.579
24.3001 -12.5975
24.4001 -13.7434
24.5001 -13.7717
24.6001 -13.9437
24.7001 -11.2735
24.8001 -12.279
24.9001 -11.7178
25.0001 -13.0043
25.1001 -14.6395
25.2001 -13.9861
25.3001 -15.5982
25.4001 -17.4413
25.5001 -18.1154
25.6001 -17.7356
25.7001 -18.1405
25.8001 -15.212
25.9001 -15.3218
26.0001 -16.4283
26.1001 -15.3903
26.2001 -15.1075
26.3001 -15.5463
26.4001 -15.137
26.5001 -15.3877
26.6001 -15.5816
26.7001 -15.8178
26.8001 -13.6913
26.9001 -14.4137
27.0001 -12.4597
27.1001 -10.9853
27.2001 -7.99794
27.3001 -6.98172
27.4001 -8.59756
27.5001 -8.46525
27.6001 -11.2428
27.7001 -11.1955
27.8001 -11.5559
27.9001 -10.5181
28.0001 -9.87713
28.1001 -7.62883
28.2001 -7.49151
28.3001 -8.20061
28.4001 -7.73782
28.5001 -4.59561
28.6001 -6.3496
28.7001 -5.30351
28.8001 -5.95417
28.9001 -5.19388
29.0001 -6.12563
29.1001 -6.83913
29.2001 -6.81581
29.3001 -5.81358
29.4001 -4.46302
29.5001 -5.15736
29.6001 -6.38211
29.7001 -7.22384
29.8001 -7.15219
29.9001 -6.60354
30.0001 -7.33457
30.1001 -9.04052
30.2001 -8.39071
30.3001 -7.28192
30.4001 -5.65614
30.5001 -4.33852
30.6001 -4.89737
30.7001 -3.87009
30.8001 -4.79838
30.9001 -4.11219
31.0001 -4.65062
31.1001 -3.56203
31.2001 -4.11722
31.3001 -4.8407
31.4001 -3.95873
31.5001 -6.00813
31.6001 -7.83888
31.7001 -9.81365
31.8001 -10.232
31.9001 -11.5393
32.0001 -15.28
32.1001 -13.3832
32.2001 -13.1019
32.3001 -14.5333
32.4001 -14.6568
32.5001 -13.3787
32.6001 -12.1676
32.7001 -13.8636
32.8001 -13.1804
32.9001 -13.5269
33.0001 -12.6022
33.1001 -13.8747
33.2001 -15.1307
33.3001 -14.8496
33.4001 -14.2828
33.5001 -15.3526
33.6001 -12.8598
33.7001 -15.4824
33.8001 -15.174
33.9001 -15.0222
34.0001 -14.7852
34.1001 -13.2476
34.2001 -10.0535
34.3 -8.30574
34.4 -8.64504
34.5 -7.08585
34.6 -7.66431
34.7 -8.55535
34.8 -8.34858
34.9 -9.24109
35 -11.7472
35.1 -13.257
35.2 -12.7035
35.3 -13.3875
35.4 -16.1254
35.5 -17.252
35.6 -19.3717
35.7 -19.8387
35.8 -21.7364
35.9 -25.1383
36 -26.1131
36.1 -28.6445
36.2 -29.3274
36.3 -29.3692
36.4 -29.1644
36.5 -29.6881
36.6 -29.7646
36.7 -29.74
36.8 -30.4576
36.9 -31.7437
37 -34.3607
37.1 -33.9081
37.2 -32.274
37.3 -30.3559
37.4 -32.1156
37.5 -32.5947
37.6 -33.3886
37.7 -33.2576
37.8 -33.6827
37.9 -34.0455
38 -36.2372
38.1 -37.4911
38.2 -37.0177
38.3 -36.3529
38.4 -36.1968
38.5 -36.5725
38.6 -38.1452
38.7 -36.1484
38.8 -35.1181
38.9 -35.2672
39 -36.4116
39.1 -35.2602
39.2 -34.6753
39.3 -36.1333
39.4 -36.6297
39.5 -38.3965
39.6 -36.9387
39.7 -38.479
39.8 -40.9734
39.9 -42.3403
40 -40.7598
40.1 -40.9186
40.2 -43.0347
40.3 -41.9847
40.4 -42.0776
40.5 -44.5904
40.6 -45.785
40.7 -47.6902
40.7999 -47.2669
40.8999 -48.2773
40.9999 -47.0989
41.0999 -46.5503
41.1999 -47.2793
41.2999 -46.9423
41.3999 -49.0007
41.4999 -49.5423
41.5999 -51.1883
41.6999 -52.5132
41.7999 -53.1307
41.8999 -54.1035
41.9999 -55.0224
42.0999 -54.8174
42.1999 -55.3857
42.2999 -58.3134
42.3999 -57.4387
42.4999 -56.3723
42.5999 -55.6577
42.6999 -55.7908
42.7999 -54.8442
42.8999 -55.7926
42.9999 -56.5776
43.0999 -58.145
43.1999 -57.6142
43.2999 -57.5068
43.3999 -57.8458
43.4999 -55.2728
43.5999 -54.0353
43.6999 -55.778
43.7999 -56.4098
43.8999 -58.0065
43.9999 -58.0419
44.0999 -59.0033
44.1999 -59.1183
44.2999 -59.3085
44.3999 -59.8093
44.4999 -60.6448
44.5999 -57.2368
44.6999 -59.0495
44.7999 -57.7841
44.8999 -58.6756
44.9999 -56.9152
45.0999 -57.883
45.1999 -56.7036
45.2999 -59.5378
45.3999 -59.7635
45.4999 -58.1835
45.5999 -58.1712
45.6999 -60.4057
45.7999 -61.2515
45.8999 -59.8863
45.9999 -60.2477
46.0999 -59.7898
46.1999 -61.7308
46.2999 -60.591
46.3999 -61.9811
46.4999 -61.7467
46.5999 -61.6948
46.6999 -62.9887
46.7999 -64.7587
46.8999 -65.299
46.9999 -66.3404
47.0999 -67.6801
47.1999 -68.2771
47.2999 -68.4055
47.3998 -68.733
47.4998 -66.6338
47.5998 -65.6176
47.6998 -67.4659
47.7998 -65.9248
47.8998 -65.1492
47.9998 -64.3136
48.0998 -63.4331
48.1998 -62.4438
48.2998 -62.9398
48.3998 -61.5018
48.4998 -60.7744
48.5998 -62.769
48.6998 -63.9004
48.7998 -63.9951
48.8998 -62.2933
48.9998 -61.8299
49.0998 -62.3687
49.1998 -62.8838
49.2998 -62.8703
49.3998 -65.4741
49.4998 -63.9555
49.5998 -64.3035
49.6998 -62.7076
49.7998 -62.274
49.8998 -61.3258
49.9998 -60.6548
50.0998 -61.0758
50.1998 -62.2506
50.2998 -62.584
50.3998 -61.6875
50.4998 -60.9647
50.5998 -56.7459
50.6998 -55.3746
50.7998 -54.0286
50.8998 -54.7141
50.9998 -56.3938
51.0998 -55.6634
51.1998 -56.9834
51.2998 -58.3772
51.3998 -56.5536
51.4998 -55.722
51.5998 -56.0839
51.6998 -56.8232
51.7998 -55.4287
51.8998 -54.6272
51.9998 -53.0567
52.0998 -54.3307
52.1998 -55.356
52.2998 -57.2531
52.3998 -57.7698
52.4998 -56.3451
52.5998 -55.3142
52.6998 -53.7268
52.7998 -54.4655
52.8998 -54.9437
52.9998 -55.1195
53.0998 -58.5868
53.1998 -59.4261
53.2998 -59.5999
53.3998 -57.5983
53.4998 -57.8295
53.5998 -56.3699
53.6998 -58.4038
53.7998 -56.1166
53.8997 -55.9828
53.9997 -58.0389
54.0997 -58.4648
54.1997 -59.6826
54.2997 -60.7353
54.3997 -58.6403
54.4997 -54.969
54.5997 -53.7055
54.6997 -55.8261
54.7997 -56.4642
54.8997 -56.9719
54.9997 -54.4672
55.0997 -55.6307
55.1997 -54.9645
55.2997 -55.7906
55.3997 -57.0013
55.4997 -57.1496
55.5997 -57.0068
55.6997 -56.8853
55.7997 -57.6048
55.8997 -55.7765
55.9997 -53.946
56.0997 -52.4688
56.1997 -52.3825
56.2997 -50.8154
56.3997 -52.2568
56.4997 -49.5759
56.5997 -47.6355
56.6997 -46.6719
56.7997 -46.4342
56.8997 -46.4822
56.9997 -47.1939
57.0997 -47.3082
57.1997 -45.8875
57.2997 -47.0547
57.3997 -47.448
57.4997 -47.7321
57.5997 -50.1253
57.6997 -49.3194
57.7997 -48.1253
57.8997 -48.7042
57.9997 -47.9924
58.0997 -48.0151
58.1997 -48.901
58.2997 -48.7621
58.3997 -47.2451
58.4997 -47.6346
58.5997 -48.4311
58.6997 -49.4498
58.7997 -49.7582
58.8997 -49.591
58.9997 -49.6897
59.0997 -50.606
59.1997 -50.9845
59.2997 -50.9853
59.3997 -51.793
59.4997 -52.749
59.5997 -52.7212
59.6997 -53.3257
59.7997 -52.677
59.8997 -54.5248
59.9997 -53.8515
60.0997 -54.391
60.1997 -52.6015
60.2997 -52.4012
60.3997 -54.7999
60.4996 -55.0219
60.5996 -54.3294
60.6996 -51.8021
60.7996 -50.9137
60.8996 -53.5411
60.9996 -53.7666
61.0996 -54.5127
61.1996 -52.1001
61.2996 -52.1599
61.3996 -52.2967
61.4996 -51.4299
61.5996 -49.9726
61.6996 -52.9154
61.7996 -55.0683
61.8996 -56.8675
61.9996 -55.8296
62.0996 -57.1766
62.1996 -57.9539
62.2996 -57.4289
62.3996 -56.4943
62.4996 -58.9925
62.5996 -61.395
62.6996 -61.9533
62.7996 -66.4184
62.8996 -65.1628
62.9996 -64.4852
63.0996 -65.5805
63.1996 -65.4661
63.2996 -66.7395
63.3996 -65.3102
63.4996 -65.3885
63.5996 -67.421
63.6996 -65.4039
63.7996 -63.9566
63.8996 -62.7478
63.9996 -63.587
64.0996 -64.5495
64.1996 -65.5666
64.2996 -64.7867
64.3996 -65.1863
64.4996 -66.2539
64.5996 -67.895
64.6996 -68.7044
64.7996 -69.3907
64.8996 -68.0801
64.9996 -68.3512
65.0996 -67.8775
65.1996 -68.2626
65.2996 -67.2349
65.3996 -66.7313
65.4996 -64.6989
65.5996 -63.6585
65.6996 -62.0119
65.7996 -63.6133
65.8996 -64.6885
65.9996 -64.8391
66.0996 -64.6099
66.1996 -66.2896
66.2996 -66.6912
66.3996 -68.1034
66.4996 -68.4463
66.5996 -67.9453
66.6996 -69.1204
66.7996 -68.4781
66.8996 -69.5072
66.9995 -68.8462
67.0995 -66.2388
67.1995 -64.7307
67.2995 -69.1215
67.3995 -69.0682
67.4995 -68.689
67.5995 -68.4405
67.6995 -70.2462
67.7995 -70.1786
67.8995 -70.8522
67.9995 -71.707
68.0995 -71.8378
68.1995 -72.4457
68.2995 -74.5689
68.3995 -74.1796
68.4995 -76.796
68.5995 -77.3363
68.6995 -75.6645
68.7995 -73.265
68.8995 -73.3787
68.9995 -75.2914
69.0995 -75.4268
69.1995 -74.6523
69.2995 -75.3683
69.3995 -76.7667
69.4995 -78.3904
69.5995 -77.8419
69.6995 -78.7693
69.7995 -78.7278
69.8995 -79.9122
69.9995 -81.5282
70.0995 -80.3789
70.1995 -81.317
70.2995 -79.1467
70.3995 -79.2539
70.4995 -79.0653
70.5995 -77.916
70.6995 -79.6512
70.7995 -81.0953
70.8995 -81.2488
70.9995 -85.0555
71.0995 -85.4599
71.1995 -85.4393
71.2995 -85.9368
71.3995 -86.1763
71.4995 -86.5199
71.5995 -87.0823
71.6995 -87.5909
71.7995 -86.6926
71.8995 -86.3615
71.9995 -86.8859
72.0995 -87.9212
72.1995 -91.1651
72.2995 -92.6593
72.3995 -91.6825
72.4995 -91.2374
72.5995 -90.2537
72.6995 -90.3327
72.7995 -90.1664
72.8995 -93.1599
72.9995 -91.5394
73.0995 -91.5934
73.1995 -90.7149
73.2995 -90.2252
73.3995 -89.4441
73.4995 -91.1576
73.5994 -92.3717
73.6994 -93.1409
73.7994 -90.519
73.8994 -92.5197
73.9994 -92.6338
74.0994 -93.8977
74.1994 -93.1247
74.2994 -94.2476
74.3994 -94.3656
74.4994 -97.1092
74.5994 -98.1134
74.6994 -96.7334
74.7994 -96.066
74.8994 -96.6385
74.9994 -97.6522
75.0994 -98.3999
75.1994 -97.5628
75.2994 -98.0588
75.3994 -98.6978
75.4994 -98.9737
75.5994 -99.0499
75.6994 -97.2363
75.7994 -97.5055
75.8994 -97.574
75.9994 -96.888
76.0994 -94.8217
76.1994 -94.7849
76.2994 -94.1969
76.3994 -93.7384
76.4994 -94.099
76.5994 -94.7685
76.6994 -97.6738
76.7994 -98.4782
76.8994 -96.8223
76.9994 -97.8038
77.0994 -99.0026
77.1994 -99.5393
77.2994 -98.4281
77.3994 -99.4759
77.4994 -98.9065
77.5994 -99.5566
77.6994 -99.4967
77.7994 -99.9535
77.8994 -98.7628
77.9994 -100.144
78.0994 -98.7203
78.1994 -99.5153
78.2994 -96.5439
78.3994 -95.9964
78.4994 -97.6832
78.5994 -96.357
78.6994 -96.8787
78.7994 -95.6889
78.8994 -94.9635
78.9994 -93.7886
79.0994 -95.4254
79.1994 -94.9643
79.2994 -95.5161
79.3994 -95.6919
79.4994 -97.4767
79.5994 -95.7817
79.6994 -94.5506
79.7994 -95.7637
79.8994 -94.9869
79.9994 -94.4746
80.0993 -95.1901
80.1993 -93.9146
80.2993 -93.5287
80.3993 -96.7812
80.4993 -95.5059
80.5993 -95.3253
80.6993 -94.3928
80.7993 -96.0478
80.8993 -94.4055
80.9993 -95.008
81.0993 -96.5451
81.1993 -97.476
81.2993 -95.6879
81.3993 -93.9481
81.4993 -94.6763
81.5993 -95.8911
81.6993 -98.6682
81.7993 -98.685
81.8993 -98.1357
81.9993 -100.15
82.0993 -101.987
82.1993 -105.726
82.2993 -107.025
82.3993 -106.844
82.4993 -106.928
82.5993 -106.744
82.6993 -106.848
82.7993 -102.93
82.8993 -104.208
82.9993 -105.114
83.0993 -104.393
83.1993 -104.492
83.2993 -104.562
83.3993 -100.461
83.4993 -102.101
83.5993 -103.78
83.6993 -102.191
83.7993 -101.209
83.8993 -99.9683
83.9993 -100.207
84.0993 -100.496
84.1993 -99.5282
84.2993 -101.009
84.3993 -101.627
84.4993 -101.418
84.5993 -104.469
84.6993 -105.091
84.7993 -102.918
84.8993 -103.016
84.9993 -100.558
85.0993 -100.364
85.1993 -100.007
85.2993 -101.324
85.3993 -100.302
85.4993 -101.311
85.5993 -100.62
85.6993 -100.884
85.7993 -100.049
85.8993 -100.276
85.9993 -99.0012
86.0993 -99.726
86.1993 -101.125
86.2993 -101.287
86.3993 -99.8934
86.4993 -98.8053
86.5993 -99.0171
86.6992 -99.0424
86.7992 -100.981
86.8992 -99.9228
86.9992 -101.174
87.0992 -98.622
87.1992 -97.2639
87.2992 -97.6429
87.3992 -97.9981
87.4992 -98.5488
87.5992 -100.226
87.6992 -101.667
87.7992 -105.566
87.8992 -104.741
87.9992 -103.657
88.0992 -104.071
88.1992 -102.405
88.2992 -104.046
88.3992 -102.806
88.4992 -103.605
88.5992 -105.152
88.6992 -104.901
88.7992 -104.721
88.8992 -103.534
88.9992 -103.813
89.0992 -103.717
89.1992 -101.235
89.2992 -102.391
89.3992 -102.002
89.4992 -97.9529
89.5992 -97.257
89.6992 -97.4621
89.7992 -97.7034
89.8992 -96.3169
89.9992 -97.0173
90.0992 -97.965
90.1992 -97.6537
90.2992 -95.4453
90.3992 -94.9414
90.4992 -97.9837
90.5992 -97.7085
90.6992 -98.9258
90.7992 -98.9443
90.8992 -99.2405
90.9992 -98.2339
91.0992 -98.2335
91.1992 -97.1721
91.2992 -95.5374
91.3992 -96.1539
91.4992 -95.7059
91.5992 -96.2817
91.6992 -95.107
91.7992 -95.3755
91.8992 -96.6943
91.9992 -99.8395
92.0992 -99.6201
92.1992 -97.6033
92.2992 -96.0686
92.3992 -98.9196
92.4992 -100.264
92.5992 -98.3345
92.6992 -100.333
92.7992 -104.42
92.8992 -105.364
92.9992 -107.374
93.0992 -107.6
93.1992 -105.165
93.2991 -104.883
93.3991 -106.792
93.4991 -107.611
93.5991 -107.652
93.6991 -107.48
93.7991 -107.719
93.8991 -107.902
93.9991 -108.917
94.0991 -111.089
94.1991 -110.239
94.2991 -110.468
94.3991 -112.886
94.4991 -114.098
94.5991 -112.427
94.6991 -112.113
94.7991 -109.972
94.8991 -110.504
94.9991 -110.151
95.0991 -110.813
95.1991 -111.731
95.2991 -110.175
95.3991 -111.293
95.4991 -111.99
95.5991 -113.791
95.6991 -115.222
95.7991 -115.256
95.8991 -114.775
95.9991 -114.869
96.0991 -115.114
96.1991 -112.398
96.2991 -112.375
96.3991 -110.376
96.4991 -107.854
96.5991 -108.777
96.6991 -105.592
96.7991 -104.837
96.8991 -105.136
96.9991 -104.496
97.0991 -105.562
97.1991 -103.629
97.2991 -106.266
97.3991 -105.446
97.4991 -106.437
97.5991 -107.944
97.6991 -107.314
97.7991 -107.108
97.8991 -107.304
97.9991 -105.841
98.0991 -107.041
98.1991 -106.673
98.2991 -108.063
98.3991 -110.531
98.4991 -111.096
98.5991 -112.451
98.6991 -113.466
98.7991 -113.607
98.8991 -111.806
98.9991 -111.242
99.0991 -110.068
99.1991 -108.449
99.2991 -107.587
99.3991 -108.68
99.4991 -109.129
99.5991 -109.965
99.6991 -109.589
99.799 -110.347
99.899 -108.924
99.999 -108.485
100.099 -109.234
100.199 -109.486
100.299 -108.994
100.399 -106.873
100.499 -107.829
100.599 -106.744
100.699 -106.866
100.799 -106.152
100.899 -104.328
100.999 -103.583
101.099 -102.594
101.199 -102.692
101.299 -103.412
101.399 -102.803
101.499 -102.993
101.599 -104.137
101.699 -103.976
101.799 -103.639
101.899 -101.943
101.999 -103.418
102.099 -105.762
102.199 -104.135
102.299 -106.352
102.399 -106.703
102.499 -108.229
102.599 -110.533
102.699 -111.137
102.799 -114.818
102.899 -116.196
102.999 -114.511
103.099 -114.334
103.199 -115.689
103.299 -117.728
103.399 -118.009
103.499 -117.325
103.599 -117.521
103.699 -121.068
103.799 -122.327
103.899 -121.401
103.999 -121.772
104.099 -121.313
104.199 -124.909
104.299 -126.823
104.399 -128.73
104.499 -127.895
104.599 -127.721
104.699 -126.836
104.799 -126.627
104.899 -127.505
104.999 -128.037
105.099 -127.371
105.199 -126.373
105.299 -125.278
105.399 -124.157
105.499 -127.48
105.599 -126.716
105.699 -126.275
105.799 -128.371
105.899 -128.833
105.999 -128.891
106.099 -131.763
106.199 -131.323
106.299 -128.636
106.399 -127.245
106.499 -127.696
106.599 -128.125
106.699 -127.986
106.799 -126.016
106.899 -127.055
106.999 -128.253
107.099 -130.814
107.199 -131.765
107.299 -134.767
107.399 -137.244
107.499 -138.029
107.599 -137.431
107.699 -136.43
107.799 -136.871
107.899 -137.062
107.999 -135.885
108.099 -134.258
108.199 -132.673
108.299 -132.537
108.399 -131.804
108.499 -129.36
108.599 -131.94
108.699 -132.434
108.799 -131.925
108.899 -134.399
108.999 -135.443
109.099 -133.529
109.199 -132.794
109.299 -133.958
109.399 -134.102
109.499 -133.929
109.599 -134.42
109.699 -135.867
109.799 -137.163
109.899 -137.343
109.999 -135.246
110.099 -138.644
110.199 -140.143
110.299 -139.307
110.399 -137.615
110.499 -139.304
110.599 -138.667
110.699 -140.129
110.799 -137.799
110.899 -138.369
110.999 -138.319
111.099 -139.275
111.199 -138.348
111.299 -136.817
111.399 -137.159
111.499 -136.494
111.599 -137.26
111.699 -137.345
111.799 -139.416
111.899 -136.709
111.999 -136.635
112.099 -136.112
112.199 -135.153
112.299 -133.467
112.399 -133.834
112.499 -132.756
112.599 -129.778
112.699 -127.355
112.799 -127.371
112.899 -126.167
112.999 -123.078
113.099 -122.685
113.199 -123.765
113.299 -122.22
113.399 -121.661
113.499 -122.869
113.599 -122.649
113.699 -121.268
113.799 -119.991
113.899 -118.711
113.999 -116.773
114.099 -117.332
114.199 -118.124
114.299 -115.002
114.399 -116.235
114.499 -115.329
114.599 -115.394
114.699 -117.26
114.799 -116.523
114.899 -117.031
114.999 -116.822
115.099 -116.222
115.199 -117.27
115.299 -119.82
115.399 -119.756
115.499 -119.499
115.599 -119.22
115.699 -121.185
115.799 -121.194
115.899 -121.107
115.999 -120.686
116.099 -120.233
116.199 -121.341
116.299 -118.87
116.399 -117.942
116.499 -117.135
116.599 -118.849
116.699 -117.237
116.799 -119.626
116.899 -120.541
116.999 -119.332
117.099 -118.124
117.199 -115.54
117.299 -114.532
117.399 -113.091
117.499 -114.091
117.599 -115.244
117.699 -114.746
117.799 -117.606
117.899 -116.7
117.999 -116.567
118.099 -117.756
118.199 -118.02
118.299 -118.757
118.399 -121.132
118.499 -119.875
118.599 -121.303
118.699 -123.555
118.799 -123.905
118.899 -124.211
118.999 -126.294
119.099 -126.638
119.199 -124.624
119.299 -126.467
119.399 -126.571
119.499 -128.122
119.599 -128.541
119.699 -128.263
119.799 -125.778
119.899 -127.576
119.999 -129.107
120.099 -128.767
120.199 -130.337
120.299 -131.102
120.399 -132.521
120.499 -130.981
120.599 -131.752
120.699 -130.197
120.799 -129.873
120.899 -131.218
120.999 -130.55
121.099 -131.811
121.199 -131.481
121.299 -134.771
121.399 -135.474
121.499 -133.543
121.599 -131.152
121.699 -130.906
121.799 -130.951
121.899 -133.995
121.999 -133.916
122.099 -134.292
122.199 -134.981
122.299 -133.994
122.399 -134.297
122.499 -135.661
122.599 -134.584
122.699 -136.965
122.799 -137.644
122.899 -137.968
122.999 -137.459
123.099 -136.873
123.199 -137.954
123.299 -139.479
123.399 -138.693
123.499 -137.699
123.599 -137.756
123.699 -136.523
123.799 -137.125
123.899 -136.875
123.999 -134.882
124.099 -135.843
124.199 -134.555
124.299 -135.09
124.399 -134.991
124.499 -133.641
124.599 -131.33
124.699 -132.513
124.799 -131.405
124.899 -133.494
124.999 -132.446
125.099 -132.492
125.199 -133.513
125.299 -135.162
125.399 -133.064
125.499 -134.311
125.599 -136.132
125.699 -136.95
125.799 -138.805
125.899 -139.293
125.999 -137.159
126.099 -138.03
126.199 -138.682
126.299 -138.979
126.399 -137.231
126.499 -136.645
126.599 -138.763
126.699 -138.614
126.799 -140.702
126.899 -141.839
126.999 -139.812
127.099 -141.386
127.199 -144.614
127.299 -145.646
127.399 -145.718
127.499 -144.448
127.599 -145.163
127.699 -145.394
127.799 -145.783
127.899 -144.343
127.999 -145.858
128.099 -146.531
128.199 -145.967
128.299 -143.245
128.399 -142.062
128.499 -141.444
128.599 -140.561
128.699 -139.311
128.799 -137.942
128.899 -138.115
128.999 -139.487
129.099 -139.995
129.199 -140.103
129.299 -142.085
129.399 -138.375
129.499 -139.3
129.599 -139.258
129.699 -136.079
129.799 -135.583
129.899 -134.45
129.999 -134.324
130.099 -131.437
130.199 -130.441
130.299 -131.718
130.399 -133.755
130.499 -131.317
130.599 -130.81
130.699 -131.615
130.799 -131.384
130.899 -128.862
130.999 -127.502
131.099 -129.029
131.199 -129.985
131.299 -128.667
131.399 -128.642
131.499 -127.321
131.599 -124.624
131.699 -124.577
131.799 -126.138
131.899 -126.282
131.999 -124.936
132.099 -126.863
132.199 -128.179
132.299 -127.364
132.399 -125.326
132.499 -125.32
132.599 -125.98
132.699 -124.478
132.799 -120.081
132.899 -119.844
132.999 -120.177
133.099 -117.955
133.199 -117.662
133.299 -115.831
133.399 -114.255
133.499 -115.365
133.599 -115.072
133.699 -118.347
133.799 -117.404
133.899 -117.366
133.999 -117.413
134.099 -119.621
134.199 -122.487
134.299 -123.489
134.399 -123.058
134.499 -125.474
134.599 -125.27
134.699 -126.547
134.799 -127.802
134.899 -127.445
134.999 -128.629
135.099 -129.477
135.199 -129.684
135.299 -128.928
135.399 -127.511
135.499 -129.713
135.599 -132.497
135.699 -134.97
135.799 -133.908
135.899 -134.803
135.999 -135.619
136.099 -133.706
136.199 -134.601
136.299 -134.212
136.399 -134.482
136.499 -131.682
136.599 -130.931
136.699 -128.772
136.799 -127.051
136.899 -126.984
136.999 -123.573
137.099 -124.242
137.199 -123.075
137.299 -124.05
137.399 -122.977
137.499 -122.301
137.599 -121.319
137.699 -122.039
137.799 -122.491
137.899 -121.436
137.999 -121.192
138.099 -120.272
138.199 -119.066
138.299 -119.456
138.399 -122.01
138.499 -120.42
138.599 -122.287
138.699 -121.699
138.799 -122.101
138.899 -122.816
138.999 -122.782
139.099 -120.547
139.199 -118.663
139.299 -118.315
139.399 -119.568
139.499 -121.576
139.599 -121.225
139.699 -120.869
139.799 -119.573
139.899 -117.401
139.999 -117.215
140.099 -117.77
140.199 -117.361
140.299 -116.626
140.399 -117.315
140.499 -115.574
140.599 -115.024
140.699 -115.796
140.799 -115.156
140.899 -113.641
140.999 -113.34
141.099 -111.406
141.199 -109.991
141.299 -109.065
141.399 -109.734
141.499 -108.533
141.599 -108.133
141.699 -106.781
141.799 -107.525
141.899 -108.774
141.999 -107.028
142.099 -106.233
142.199 -105.43
142.299 -107.476
142.399 -106.452
142.499 -106.241
142.6 -104.886
142.7 -105.919
142.8 -107.639
142.9 -107.15
143 -106.297
143.1 -107.198
143.2 -105.46
143.3 -108.899
143.4 -111.156
143.5 -111.8
143.6 -111.515
143.7 -110.199
143.8 -110.381
143.9 -112.052
144 -112.012
144.1 -112.328
144.2 -114.094
144.3 -114.609
144.4 -113.761
144.5 -114.931
144.6 -117.706
144.7 -120.314
144.8 -116.233
144.9 -117.816
145 -118.972
145.1 -118.766
145.2 -117.515
145.3 -116.202
145.4 -113.909
145.5 -113.121
145.6 -112.278
145.7 -110.239
145.8 -112.584
145.9 -110.61
146 -114.768
146.1 -115.116
146.2 -113.696
146.3 -113.516
146.4 -110.632
146.5 -111.454
146.6 -112.502
146.7 -111.25
146.8 -111.642
146.9 -111.142
147 -113.752
147.1 -114.483
147.2 -116.079
147.3 -116.081
147.4 -115.89
147.5 -116.018
147.6 -115.081
147.7 -115.409
147.8 -115.482
147.9 -114.737
148 -114.987
148.1 -115.72
148.2 -114.842
148.3 -115.198
148.4 -115.157
148.5 -115.404
148.6 -115.628
148.7 -115.586
148.8 -114.454
148.9 -115.596
149 -116.329
149.1 -115.157
149.2 -117.344
149.3 -119.965
149.4 -119.818
149.5 -119.726
149.6 -120.98
149.7 -119.051
149.8 -118.348
149.9 -118.09
150 -118.573
150.1 -117.009
150.2 -116.972
150.3 -115.911
150.4 -116.245
150.5 -116.499
150.6 -114.141
150.7 -113.919
150.8 -115.855
150.9 -114.56
151 -116.738
151.1 -115.7
151.2 -116.57
151.3 -117.616
151.4 -119.041
151.5 -118.731
151.6 -120.78
151.7 -120.803
151.8 -121.675
151.9 -123.249
152 -123.162
152.1 -124.057
152.2 -123.719
152.3 -123.587
152.4 -125.284
152.5 -123.217
152.6 -122.31
152.7 -121.432
152.8 -122.787
152.9 -123.338
153 -121.899
153.1 -124.24
153.2 -122.753
153.3 -126.383
153.4 -126.943
153.5 -128.597
153.6 -126.142
153.7 -129.679
153.8 -129.41
153.9 -129.566
154 -129.803
154.1 -129.545
154.2 -131.081
154.3 -131.607
154.4 -132.823
154.5 -133.64
154.6 -135.21
154.7 -135.896
154.8 -139.511
154.9 -140.462
155 -139.05
155.1 -139.64
155.2 -142.073
155.3 -142.348
155.4 -141.967
155.5 -142.949
155.6 -144.99
155.7 -147.039
155.8 -144.716
155.9 -142.309
156 -142.34
156.1 -141.114
156.2 -139.466
156.3 -138.852
156.4 -138.876
156.5 -140.597
156.6 -143.562
156.7 -144.448
156.8 -144.439
156.9 -144.65
157 -143.593
157.1 -143.007
157.2 -144.806
157.3 -144.129
157.4 -144.331
157.5 -143.779
157.6 -141.681
157.7 -141.416
157.8 -142.218
157.9 -142.217
158 -142.222
158.1 -144.046
158.2 -144.398
158.3 -144.698
158.4 -146.151
158.5 -146.65
158.6 -146.023
158.7 -147.298
158.8 -147.874
158.9 -146.433
159.001 -142.986
159.101 -143.135
159.201 -142.662
159.301 -141.382
159.401 -141.136
159.501 -141.288
159.601 -141.622
159.701 -138.556
159.801 -139.93
159.901 -139.217
160.001 -138.754
160.101 -139.05
160.201 -138.677
160.301 -139.762
160.401 -141.677
160.501 -142.367
160.601 -144.474
160.701 -145.395
160.801 -142.851
160.901 -144.016
161.001 -143.983
161.101 -143.729
161.201 -141.542
161.301 -143.111
161.401 -145.056
161.501 -144.838
161.601 -144.254
161.701 -143.026
161.801 -143.235
161.901 -145.311
162.001 -143.738
162.101 -143.991
162.201 -143.741
162.301 -141.616
162.401 -141.213
162.501 -143.265
162.601 -142.128
162.701 -140.686
162.801 -143.184
162.901 -142.726
163.001 -142.542
163.101 -140.391
163.201 -140.806
163.301 -141.345
163.401 -141.286
163.501 -140.684
163.601 -139.843
163.701 -138.827
163.801 -140.872
163.901 -141.926
164.001 -141.093
164.101 -139.604
164.201 -141.176
164.301 -139.702
164.401 -140.171
164.501 -139.834
164.601 -140.383
164.701 -140.958
164.801 -143.813
164.901 -145.832
165.001 -145.606
165.101 -145.773
165.201 -143.958
165.301 -142.25
165.401 -142.556
165.501 -142.353
165.601 -142.264
165.701 -141.648
165.801 -143.12
165.901 -142.711
166.001 -141.313
166.101 -140.182
166.201 -141.871
166.301 -141.726
166.401 -142.262
166.501 -144.452
166.601 -145.617
166.701 -148.746
166.801 -149.451
166.901 -150.585
167.001 -150.782
167.101 -150.782
167.201 -150.323
167.301 -149.579
167.401 -147.92
167.501 -148.361
167.601 -147.794
167.701 -151.139
167.801 -150.457
167.901 -152.118
168.001 -153.802
168.101 -154.821
168.201 -153.826
168.301 -154.757
168.401 -155.306
168.501 -153.437
168.601 -153.511
168.701 -150.398
168.801 -150.515
168.901 -149.439
169.001 -148.793
169.101 -150.266
169.201 -152.233
169.301 -153.126
169.401 -152.468
169.501 -152.094
169.601 -154.143
169.701 -152.403
169.801 -153.005
169.901 -152.552
170.001 -152.648
170.101 -152.227
170.201 -150.152
170.301 -150.657
170.401 -148.473
170.501 -147.554
170.601 -146.716
170.701 -148.781
170.801 -147.837
170.901 -149.403
171.001 -150.337
171.101 -149.066
171.201 -148.79
171.301 -148.93
171.401 -147.055
171.501 -149.377
171.601 -148.263
171.701 -148.565
171.801 -150.626
171.901 -151.562
172.001 -150.681
172.101 -151.031
172.201 -151.868
172.301 -150.65
172.401 -149.337
172.501 -151.764
172.601 -150.758
172.701 -152.351
172.801 -154.09
172.901 -153.538
173.001 -155.255
173.101 -156.839
173.201 -155.804
173.301 -153.71
173.401 -154.139
173.501 -153.928
173.601 -152.709
173.701 -150.47
173.801 -147.645
173.901 -143.688
174.001 -143.202
174.101 -141.514
174.201 -142.79
174.301 -144.874
174.401 -144.869
174.501 -145.334
174.601 -146.52
174.701 -144.846
174.801 -146.304
174.901 -148.203
175.001 -145.627
175.101 -144.422
175.201 -142.967
175.301 -140.581
175.402 -141.07
175.502 -140.575
175.602 -141.42
175.702 -140.778
175.802 -141.851
175.902 -140.028
176.002 -141.432
176.102 -141.167
176.202 -137.982
176.302 -138.443
176.402 -139.068
176.502 -139.115
176.602 -138.21
176.702 -137.94
176.802 -137.258
176.902 -135.77
177.002 -137.043
177.102 -139.5
177.202 -138.161
177.302 -139.235
177.402 -137.739
177.502 -137.006
177.602 -136.168
177.702 -137.605
177.802 -135.426
177.902 -136.208
178.002 -135.167
178.102 -135.729
178.202 -136.967
178.302 -136.847
178.402 -139.188
178.502 -137.808
178.602 -138.731
178.702 -136.325
178.802 -136.85
178.902 -137.424
179.002 -135.787
179.102 -136.195
179.202 -135.734
179.302 -134.758
179.402 -134.312
179.502 -135.285
179.602 -134.97
179.702 -131.081
179.802 -131.114
179.902 -128.937
180.002 -128.261
180.102 -128.108
180.202 -128.01
180.302 -124.45
180.402 -124.693
180.502 -124.688
180.602 -125.754
180.702 -123.15
180.802 -123.756
180.902 -124.362
181.002 -125.369
181.102 -127.136
181.202 -127.07
181.302 -129.829
181.402 -131.685
181.502 -134.96
181.602 -131.701
181.702 -129.952
181.802 -132.137
181.902 -131.929
182.002 -133.375
182.102 -133.069
182.202 -129.497
182.302 -128.398
182.402 -128.781
182.502 -127.115
182.602 -127.656
182.702 -126.426
182.802 -126.045
182.902 -125.324
183.002 -124.751
183.102 -122.68
183.202 -123.112
183.302 -122.127
183.402 -123.407
183.502 -124.039
183.602 -123.176
183.702 -123.126
183.802 -120.598
183.902 -118.322
184.002 -118.33
184.102 -118.902
184.202 -119.121
184.302 -119.26
184.402 -118.063
184.502 -119.427
184.602 -118.879
184.702 -119.412
184.802 -119.884
184.902 -120.268
185.002 -120.571
185.102 -121.524
185.202 -121.349
185.302 -122.006
185.402 -123.292
185.502 -121.126
185.602 -120.789
185.702 -120.547
185.802 -121.882
185.902 -122.725
186.002 -122.538
186.102 -121.633
186.202 -122.378
186.302 -123.468
186.402 -121.867
186.502 -121.174
186.602 -122.113
186.702 -121.786
186.802 -119.396
186.902 -117.035
187.002 -115.706
187.102 -114.724
187.202 -116.397
187.302 -115.42
187.402 -116.795
187.502 -115.763
187.602 -115.837
187.702 -115.242
187.802 -113.422
187.902 -112.314
188.002 -112.722
188.102 -113.27
188.202 -114.691
188.302 -116.178
188.402 -114.96
188.502 -116.086
188.602 -114.519
188.702 -113.918
188.802 -112.029
188.902 -112.219
189.002 -114.701
189.102 -115.495
189.202 -113.847
189.302 -116.232
189.402 -117.014
189.502 -114.327
189.602 -113.758
189.702 -110.835
189.802 -112.708
189.902 -111.742
190.002 -110.471
190.102 -110.893
190.202 -111.459
190.302 -112.836
190.402 -112.653
190.502 -111.663
190.602 -110.021
190.702 -108.923
190.802 -108.42
190.902 -109.754
191.002 -110.325
191.102 -110.088
191.202 -110.747
191.302 -114.349
191.402 -112.681
191.502 -111.407
191.602 -111.875
191.702 -111.139
191.803 -112.511
191.903 -114.19
192.003 -114.572
192.103 -115.499
192.203 -116.778
192.303 -117.239
192.403 -118.401
192.503 -117.941
192.603 -117.856
192.703 -116.461
192.803 -116.935
192.903 -116.092
193.003 -119.038
193.103 -118.931
193.203 -119.303
193.303 -120.34
193.403 -119.363
193.503 -118.32
193.603 -118.561
193.703 -118.986
193.803 -118.616
193.903 -119.34
194.003 -120.993
194.103 -121.25
194.203 -122.235
194.303 -119.247
194.403 -119.852
194.503 -120.532
194.603 -122.144
194.703 -124.743
194.803 -123.945
194.903 -122.632
195.003 -122.163
195.103 -123.002
195.203 -125.602
195.303 -124.19
195.403 -125.293
195.503 -124.078
195.603 -123.915
195.703 -122.693
195.803 -123.81
195.903 -121.152
196.003 -120.16
196.103 -117.652
196.203 -116.535
196.303 -115.331
196.403 -116.813
196.503 -116.046
196.603 -116.027
196.703 -114.662
196.803 -116.127
196.903 -117.283
197.003 -117.656
197.103 -116.269
197.203 -115.731
197.303 -118.108
197.403 -118.211
197.503 -118.287
197.603 -115.875
197.703 -116.226
197.803 -116.242
197.903 -117.674
198.003 -118.165
198.103 -117.575
198.203 -116.809
198.303 -114.007
198.403 -114.645
198.503 -112.774
198.603 -114.531
198.703 -113.269
198.803 -114.196
198.903 -114.903
199.003 -116.918
199.103 -115.372
199.203 -116.105
199.303 -116.713
199.403 -116.566
199.503 -118.478
199.603 -116.982
199.703 -117.369
199.803 -119.214
199.903 -118.339
200.003 -119.011
200.103 -116.446
200.203 -114.922
200.303 -114.341
200.403 -115.966
200.503 -116.32
200.603 -117.323
200.703 -118.927
200.803 -119.651
200.903 -121.609
201.003 -124.039
201.103 -124.149
201.203 -125.53
201.303 -125.216
201.403 -123.895
201.503 -125.457
201.603 -125.601
201.703 -123.144
201.803 -122.88
201.903 -122.585
202.003 -121.016
202.103 -119.441
202.203 -119.736
202.303 -119.854
202.403 -119.951
202.503 -118.435
202.603 -116.556
202.703 -117.065
202.803 -117.561
202.903 -119.143
203.003 -119.175
203.103 -116.976
203.203 -116.983
203.303 -116.089
203.403 -117.802
203.503 -117.298
203.603 -116.605
203.703 -114.172
203.803 -113.948
203.903 -113.153
204.003 -112.909
204.103 -112.625
204.203 -112.669
204.303 -112.225
204.403 -112.242
204.503 -110.304
204.603 -112.128
204.703 -111.987
204.803 -113.086
204.903 -113.631
205.003 -113.156
205.103 -114.295
205.203 -112.537
205.303 -110.211
205.403 -113.465
205.503 -113.697
205.603 -112.961
205.703 -115.273
205.803 -115.64
205.903 -115.282
206.003 -114.083
206.103 -113.636
206.203 -111.783
206.303 -113.586
206.403 -113.305
206.503 -110.126
206.603 -107.537
206.703 -107.7
206.803 -109.349
206.903 -108.672
207.003 -109.259
207.103 -108.134
207.203 -109.537
207.303 -111.236
207.403 -109.44
207.503 -107.422
207.603 -107.859
207.703 -107.035
207.803 -105.489
207.903 -106.358
208.003 -104.694
208.104 -103.322
208.204 -103.039
208.304 -103.748
208.404 -103.744
208.504 -102.452
208.604 -102.725
208.704 -103.165
208.804 -102.164
208.904 -103.025
209.004 -106.516
209.104 -108.276
209.204 -109.869
209.304 -111.187
209.404 -111.898
209.504 -111.9
209.604 -111.118
209.704 -111.788
209.804 -112.046
209.904 -111.236
210.004 -112.741
210.104 -112.359
210.204 -108.905
210.304 -109.643
210.404 -107.551
210.504 -106.029
210.604 -108.805
210.704 -109.855
210.804 -109.914
210.904 -111.677
211.004 -114.058
211.104 -114.086
211.204 -115.957
211.304 -115.274
211.404 -114.336
211.504 -116.151
211.604 -116.438
211.704 -116.194
211.804 -115.788
211.904 -115.56
212.004 -114.805
212.104 -115.627
212.204 -117.649
212.304 -119.196
212.404 -118.832
212.504 -121.798
212.604 -120.142
212.704 -119.352
212.804 -117.302
212.904 -118.887
213.004 -119.39
213.104 -119.567
213.204 -117.593
213.304 -120.35
213.404 -122.222
213.504 -123.37
213.604 -123.886
213.704 -125.687
213.804 -127.362
213.904 -126.727
214.004 -125.666
214.104 -123.861
214.204 -124.225
214.304 -122.675
214.404 -123.65
214.504 -122.397
214.604 -123.453
214.704 -123.251
214.804 -123.855
214.904 -122.205
215.004 -120.713
215.104 -122.917
215.204 -121.661
215.304 -123.163
215.404 -123.729
215.504 -122.373
215.604 -123.607
215.704 -124.374
215.804 -124.305
215.904 -126.032
216.004 -124.804
216.104 -124.936
216.204 -125.184
216.304 -123.672
216.404 -125.345
216.504 -125.65
216.604 -122.879
216.704 -122.744
216.804 -123.615
216.904 -123.809
217.004 -124.628
217.104 -128.064
217.204 -126.106
217.304 -127.021
217.404 -125.776
217.504 -124.769
217.604 -124.147
217.704 -124.627
217.804 -125.091
217.904 -124.728
218.004 -123.139
218.104 -121.436
218.204 -121.911
218.304 -121.208
218.404 -118.36
218.504 -117.036
218.604 -117.024
218.704 -118.168
218.804 -118.954
218.904 -119.124
219.004 -119.672
219.104 -117.8
219.204 -117.831
219.304 -119.339
219.404 -120.544
219.504 -117.129
219.604 -117.597
219.704 -118.353
219.804 -116.399
219.904 -116.976
220.004 -116.061
220.104 -116.124
220.204 -117.59
220.304 -118.654
220.404 -119.678
220.504 -118.549
220.604 -119.31
220.704 -119.197
220.804 -118.556
220.904 -117.795
221.004 -117.235
221.104 -116.146
221.204 -116.721
221.304 -118.524
221.404 -120.704
221.504 -121.545
221.604 -119.674
221.704 -120.755
221.804 -120.377
221.904 -119.22
222.004 -121.956
222.104 -123.771
222.204 -124.816
222.304 -124.453
222.404 -128.253
222.504 -125.482
222.604 -124.752
222.704 -122.976
222.804 -122.615
222.904 -121.825
223.004 -122.08
223.104 -119.641
223.204 -117.864
223.304 -117.373
223.404 -117.485
223.504 -120.343
223.604 -121.292
223.704 -122.622
223.804 -121.359
223.904 -121.746
224.004 -119.636
224.104 -122.745
224.204 -123.793
224.304 -122.005
224.404 -122.139
224.505 -121.69
224.605 -122.623
224.705 -120.982
224.805 -122.585
224.905 -121.376
225.005 -123.43
225.105 -122.244
225.205 -120.864
225.305 -119.531
225.405 -117.223
225.505 -116.366
225.605 -115.677
225.705 -117.157
225.805 -115.786
225.905 -116.195
226.005 -117.236
226.105 -117.841
226.205 -117.661
226.305 -118.45
226.405 -117.798
226.505 -118.149
226.605 -120.231
226.705 -121.431
226.805 -121.53
226.905 -121.733
227.005 -122.476
227.105 -121.227
227.205 -119.247
227.305 -118.289
227.405 -118.865
227.505 -120.068
227.605 -120.42
227.705 -122.895
227.805 -123.398
227.905 -122.822
228.005 -121.686
228.105 -120.417
228.205 -118.487
228.305 -118.088
228.405 -117.932
228.505 -117.746
228.605 -118.199
228.705 -118.618
228.805 -116.629
228.905 -117.854
229.005 -117.17
229.105 -118.264
229.205 -115.563
229.305 -118.787
229.405 -120.792
229.505 -117.977
229.605 -114.619
229.705 -115.708
229.805 -116.368
229.905 -112.659
230.005 -112.862
230.105 -112.048
230.205 -110.361
230.305 -109.771
230.405 -111.543
230.505 -112.136
230.605 -111.069
230.705 -112.324
230.805 -112.972
230.905 -113.082
231.005 -112.103
231.105 -111.544
231.205 -112.221
231.305 -111.996
231.405 -113.147
231.505 -113.477
231.605 -115.696
231.705 -115.543
231.805 -116.27
231.905 -114.602
232.005 -114.195
232.105 -116.54
232.205 -116.356
232.305 -114.473
232.405 -115.751
232.505 -116.321
232.605 -116.289
232.705 -115.609
232.805 -119.503
232.905 -117.749
233.005 -115.898
233.105 -114.58
233.205 -112.509
233.305 -113.558
233.405 -115.938
233.505 -118.823
233.605 -118.341
233.705 -118.69
233.805 -118.069
233.905 -118.009
234.005 -119.517
234.105 -116.397
234.205 -118.138
234.305 -118.616
234.405 -120.898
234.505 -119.271
234.605 -122.148
234.705 -123.498
234.805 -123.958
234.905 -122.376
235.005 -120.822
235.105 -119.424
235.205 -120.412
235.305 -120.283
235.405 -119.743
235.505 -118.539
235.605 -119.559
235.705 -116.449
235.805 -115.013
235.905 -115.876
236.005 -116.978
236.105 -117.473
236.205 -119.397
236.305 -120.712
236.405 -119.76
236.505 -120.017
236.605 -121.959
236.705 -124.959
236.805 -123.798
236.905 -123.592
237.005 -121.636
237.105 -120.381
237.205 -119.08
237.305 -117.971
237.405 -115.877
237.505 -115.431
237.605 -117.845
237.705 -119.209
237.805 -119
237.905 -119.482
238.005 -119.004
238.105 -119.097
238.205 -116.027
238.305 -117.432
238.405 -115.309
238.505 -114.995
238.605 -113.82
238.705 -113.252
238.805 -110.182
238.905 -110.294
239.005 -111.361
239.105 -113.211
239.205 -114.474
239.305 -115.691
239.405 -115.172
239.505 -115.202
239.605 -116.334
239.705 -116.011
239.805 -119.094
239.905 -119.005
240.005 -116.999
240.105 -116.369
240.205 -114.464
240.305 -114.986
240.405 -114.968
240.505 -115.701
240.605 -114.93
240.705 -115.266
240.805 -112.212
240.906 -112.415
241.006 -110.658
241.106 -107.111
241.206 -108.439
241.306 -108.506
241.406 -109.449
241.506 -108.769
241.606 -106.612
241.706 -109.521
241.806 -109.842
241.906 -108.574
242.006 -106.184
242.106 -104.628
242.206 -106.605
242.306 -106.482
242.406 -106.531
242.506 -107.667
242.606 -106.581
242.706 -104.07
242.806 -103.482
242.906 -102.842
243.006 -104.977
243.106 -104.379
243.206 -105.51
243.306 -107.221
243.406 -106.519
243.506 -103.85
243.606 -103.929
243.706 -104.218
243.806 -105.894
243.906 -103.574
244.006 -100.672
244.106 -101.464
244.206 -99.7017
244.306 -99.6587
244.406 -99.2672
244.506 -100.852
244.606 -101.926
244.706 -101.377
244.806 -103.698
244.906 -104.176
245.006 -104.894
245.106 -106.545
245.206 -105.39
245.306 -104.192
245.406 -104.276
245.506 -103.892
245.606 -103.061
245.706 -102.842
245.806 -104.031
245.906 -103.682
246.006 -103.516
246.106 -104.927
246.206 -104.187
246.306 -106.064
246.406 -107.562
246.506 -107.213
246.606 -104.579
246.706 -104.403
246.806 -103.752
246.906 -103.834
247.006 -107.416
247.106 -105.466
247.206 -103.182
247.306 -103.459
247.406 -102.206
247.506 -103.157
247.606 -101.946
247.706 -100.158
247.806 -100.062
247.906 -100.101
248.006 -99.2075
248.106 -100.77
248.206 -101.356
248.306 -102.419
248.406 -102.583
248.506 -103.353
248.606 -103.293
248.706 -105.156
248.806 -105.827
248.906 -106.342
249.006 -102.614
249.106 -101.318
249.206 -100.31
249.306 -100.795
249.406 -100.356
249.506 -99.9617
249.606 -103.093
249.706 -103.158
249.806 -104.242
249.906 -103.772
250.006 -103.158
250.106 -104.298
250.206 -103.299
250.306 -101.596
250.406 -101.925
250.506 -101.712
250.606 -100.098
250.706 -99.917
250.806 -100.471
250.906 -101.551
251.006 -101.569
251.106 -104.877
251.206 -104.579
251.306 -107.026
251.406 -107.1
251.506 -108.264
251.606 -110.507
251.706 -112.15
251.806 -111.276
251.906 -110.939
252.006 -113.098
252.106 -113.425
252.206 -115.061
252.306 -115.12
252.406 -115.876
252.506 -116.742
252.606 -118.659
252.706 -118.577
252.806 -117.141
252.906 -117.912
253.006 -117.452
253.106 -117.486
253.206 -115.605
253.306 -115.856
253.406 -114.262
253.506 -113.466
253.606 -113.719
253.706 -112.887
253.806 -111.484
253.906 -112.545
254.006 -109.893
254.106 -111.137
254.206 -110.798
254.306 -110.156
254.406 -111.15
254.506 -110.521
254.606 -109.638
254.706 -112.231
254.806 -114.789
254.906 -113.401
255.006 -112.919
255.106 -113.233
255.206 -115.911
255.306 -113.174
255.406 -114.464
255.506 -115.967
255.606 -114.403
255.706 -111.432
255.806 -110.65
255.906 -111.493
256.006 -110.638
256.106 -110.424
256.206 -112.426
256.306 -113.081
256.406 -114.798
256.506 -113.829
256.606 -114.076
256.706 -113.702
256.806 -114.382
256.906 -112.972
257.006 -111.014
257.106 -111.253
257.206 -110.49
257.306 -110.821
257.406 -109.133
257.507 -110.606
257.607 -109.743
257.707 -109.128
257.807 -108.736
257.907 -107.755
258.007 -107.227
258.107 -107.513
258.207 -107.282
258.307 -107.02
258.407 -107.573
258.507 -107.381
258.607 -106.829
258.707 -105.795
258.807 -105.637
258.907 -105.01
259.007 -104.711
259.107 -105.591
259.207 -105.342
259.307 -103.143
259.407 -105.962
259.507 -106.34
259.607 -107.305
259.707 -105.857
259.807 -105.74
259.907 -106.458
260.007 -107.377
260.107 -106.665
260.207 -106.99
260.307 -107.044
260.407 -107.559
260.507 -105.89
260.607 -104.26
260.707 -104.602
260.807 -103.137
260.907 -103.055
261.007 -101.709
261.107 -100.143
261.207 -98.4571
261.307 -98.2597
261.407 -99.2615
261.507 -97.6457
261.607 -99.6142
261.707 -96.8794
261.807 -98.576
261.907 -97.0709
262.007 -96.5306
262.107 -96.6463
262.207 -99.7007
262.307 -98.6699
262.407 -97.5388
262.507 -98.1913
262.607 -99.9677
262.707 -103.113
262.807 -102.485
262.907 -101.656
263.007 -103.853
263.107 -102.977
263.207 -101.552
263.307 -101.512
263.407 -103.126
263.507 -104.197
263.607 -103.197
263.707 -102.871
263.807 -102.823
263.907 -102.042
264.007 -102.869
264.107 -99.8209
264.207 -98.7974
264.307 -99.7149
264.407 -100.238
264.507 -99.5229
264.607 -101.54
264.707 -104.075
264.807 -104.065
264.907 -104.844
265.007 -106.271
265.107 -104.906
265.207 -105.283
265.307 -104.895
265.407 -103.907
265.507 -103.34
265.607 -101.631
265.707 -102.192
265.807 -102.01
265.907 -102.132
266.007 -105.191
266.107 -108.434
266.207 -108.844
266.307 -106.998
266.407 -107.558
266.507 -107.495
266.607 -107.813
266.707 -104.903
266.807 -104.997
266.907 -103.837
267.007 -105.241
267.107 -105.484
267.207 -105.88
267.307 -105.609
267.407 -105.364
267.507 -105.609
267.607 -104.371
267.707 -104.333
267.807 -105.236
267.907 -103.503
268.007 -104.794
268.107 -104.009
268.207 -104.405
268.307 -103.464
268.407 -105.679
268.507 -106.609
268.607 -105.188
268.707 -106.348
268.807 -103.97
268.907 -102.967
269.007 -102.61
269.107 -103.734
269.207 -104.26
269.307 -105.083
269.407 -105.398
269.507 -106.616
269.607 -108.136
269.707 -108.693
269.807 -108.044
269.907 -109.303
270.007 -109.565
270.107 -108.633
270.207 -113.223
270.307 -109.861
270.407 -110.504
270.507 -110.996
270.607 -111.457
270.707 -112.482
270.807 -109.577
270.907 -110.275
271.007 -110.473
271.107 -111.613
271.207 -110.268
271.307 -111.029
271.407 -111.241
271.507 -109.969
271.607 -109.7
271.707 -109.216
271.807 -108.46
271.907 -108.528
272.007 -111.019
272.107 -111.443
272.207 -112.795
272.307 -114.113
272.407 -114.213
272.507 -116.885
272.607 -114.083
272.707 -114.459
272.807 -113.487
272.907 -113.722
273.007 -112.599
273.107 -110.812
273.207 -109.561
273.307 -109.171
273.407 -109.898
273.507 -109.759
273.607 -109.85
273.707 -109.265
273.807 -109.274
273.908 -107.874
274.008 -106.943
274.108 -107.348
274.208 -109.046
274.308 -108.403
274.408 -108.37
274.508 -104.928
274.608 -104.781
274.708 -101.56
274.808 -100.173
274.908 -100.294
275.008 -100.758
275.108 -100.484
275.208 -101.709
275.308 -105.322
275.408 -104.423
275.508 -104.975
275.608 -105.299
275.708 -105.278
275.808 -105.227
275.908 -104.813
276.008 -105.135
276.108 -106.21
276.208 -107.2
276.308 -107.882
276.408 -110.936
276.508 -111.552
276.608 -111.63
276.708 -109.826
276.808 -110.258
276.908 -111.856
277.008 -113.301
277.108 -115.791
277.208 -116.087
277.308 -116.235
277.408 -116.193
277.508 -115.754
277.608 -114.368
277.708 -114.986
277.808 -114.605
277.908 -114.876
278.008 -112.182
278.108 -113.206
278.208 -111.922
278.308 -114.061
278.408 -115.381
278.508 -116.058
278.608 -114.792
278.708 -114.317
278.808 -114.05
278.908 -117.364
279.008 -118.366
279.108 -119.796
279.208 -120.412
279.308 -120.421
279.408 -121.615
279.508 -118.923
279.608 -119.728
279.708 -123.773
279.808 -122.823
279.908 -123.601
280.008 -122.789
280.108 -123.793
280.208 -124.083
280.308 -122.292
280.408 -121.903
280.508 -123.35
280.608 -121.8
280.708 -121.347
280.808 -120.109
280.908 -120.512
281.008 -118.519
281.108 -117.596
281.208 -119.675
281.308 -121.593
281.408 -122.987
281.508 -122.139
281.608 -119.705
281.708 -119.876
281.808 -122.306
281.908 -123.753
282.008 -120.886
282.108 -120.971
282.208 -119.701
282.308 -120.681
282.408 -120.269
282.508 -121.638
282.608 -120.954
282.708 -120.482
282.808 -118.406
282.908 -121.346
283.008 -120.196
283.108 -120.736
283.208 -121.588
283.308 -121.91
283.408 -121.328
283.508 -121.35
283.608 -121.886
283.708 -121.525
283.808 -121.925
283.908 -122.179
284.008 -118.995
284.108 -122.245
284.208 -120.695
284.308 -122.165
284.408 -120.273
284.508 -120.685
284.608 -121.983
284.708 -120.599
284.808 -119.933
284.908 -119.064
285.008 -119.09
285.108 -118.688
285.208 -118.966
285.308 -120.34
285.408 -119.727
285.508 -120.293
285.608 -118.667
285.708 -119.104
285.808 -118.571
285.908 -118.39
286.008 -119.719
286.108 -119.834
286.208 -119.425
286.308 -120.895
286.408 -121.172
286.508 -121.981
286.608 -120.005
286.708 -120.232
286.808 -117.589
286.908 -117.743
287.008 -120.923
287.108 -118.382
287.208 -118.148
287.308 -116.787
287.408 -116.09
287.508 -114.491
287.608 -114.695
287.708 -115.087
287.808 -116.502
287.908 -117.089
288.008 -114.877
288.108 -115.894
288.208 -113.361
288.308 -112.404
288.408 -113.258
288.508 -115.546
288.608 -112.407
288.708 -109.651
288.808 -111.369
288.908 -112.162
289.008 -112.629
289.108 -112.815
289.208 -112.471
289.308 -114.421
289.408 -114.543
289.508 -116.955
289.608 -119.62
289.708 -120.02
289.808 -119.825
289.908 -118.182
290.008 -118.208
290.108 -118.626
290.208 -116.926
290.309 -115.719
290.409 -113.82
290.509 -112.479
290.609 -112.762
290.709 -113.832
290.809 -113.228
290.909 -111.954
291.009 -111.857
291.109 -113.008
291.209 -114.077
291.309 -114.441
291.409 -114.019
291.509 -114.172
291.609 -113.262
291.709 -115.161
291.809 -116.935
291.909 -119.429
292.009 -118.373
292.109 -119.992
292.209 -122.848
292.309 -122.542
292.409 -121.371
292.509 -122.562
292.609 -121.363
292.709 -119.92
292.809 -119.377
292.909 -117.994
293.009 -116.742
293.109 -117.152
293.209 -115.866
293.309 -115.278
293.409 -113.078
293.509 -110.027
293.609 -110.897
293.709 -110.389
293.809 -110.833
293.909 -110.987
294.009 -112.649
294.109 -110.349
294.209 -109.38
294.309 -110.806
294.409 -110.613
294.509 -110.619
294.609 -111.447
294.709 -110.345
294.809 -108.488
294.909 -108.771
295.009 -109.615
295.109 -109.349
295.209 -110.457
295.309 -110.536
295.409 -111.733
295.509 -113.192
295.609 -112.846
295.709 -115.071
295.809 -116.276
295.909 -114.626
296.009 -113.814
296.109 -112.869
296.209 -115.869
296.309 -117.803
296.409 -117.242
296.509 -117.292
296.609 -115.858
296.709 -114.941
296.809 -115.19
296.909 -115.24
297.009 -115.219
297.109 -116.92
297.209 -117.875
297.309 -118.793
297.409 -119.776
297.509 -120.758
297.609 -118.07
297.709 -118.533
297.809 -118.063
297.909 -119.95
298.009 -119.539
298.109 -118.831
298.209 -121.171
298.309 -122
298.409 -122.77
298.509 -123.469
298.609 -121.799
298.709 -122.829
298.809 -122.483
298.909 -123.256
299.009 -123.958
299.109 -123.128
299.209 -121.54
299.309 -120.269
299.409 -122.404
299.509 -123.158
299.609 -123.935
299.709 -123.26
299.809 -124.442
299.909 -122.903
300.009 -123.241
300.109 -121.824
300.209 -124.323
300.309 -125.524
300.409 -126.811
300.509 -127.242
300.609 -126.336
300.709 -124.009
300.809 -124.222
300.909 -126.27
301.009 -126.18
301.109 -127.425
301.209 -127.535
301.309 -126.065
301.409 -126.673
301.509 -124.578
301.609 -123.156
301.709 -124.061
301.809 -123.361
301.909 -123.143
302.009 -121.584
302.109 -118.202
302.209 -115.656
302.309 -115.148
302.409 -115.092
302.509 -115.069
302.609 -114.085
302.709 -115.934
302.809 -118.216
302.909 -120.497
303.009 -123.603
303.109 -125.029
303.209 -126.309
303.309 -128.125
303.409 -126.487
303.509 -128.074
303.609 -126.827
303.709 -127.113
303.809 -124.112
303.909 -123.491
304.009 -123.162
304.109 -123.052
304.209 -123.347
304.309 -119.753
304.409 -120.303
304.509 -118.027
304.609 -118.059
304.709 -117.466
304.809 -119.401
304.909 -120.231
305.009 -118.178
305.109 -117.661
305.209 -119.387
305.309 -119.435
305.409 -118.937
305.509 -119.087
305.609 -118.856
305.709 -118.996
305.809 -121.133
305.909 -121.581
306.009 -122.317
306.109 -121.702
306.209 -121.84
306.309 -122.105
306.409 -121.576
306.509 -120.24
306.609 -116.237
306.71 -119.215
306.81 -119.18
306.91 -121.739
307.01 -120.21
307.11 -120.169
307.21 -121.856
307.31 -119.107
307.41 -116.733
307.51 -117.927
307.61 -117.13
307.71 -115.129
307.81 -115.826
307.91 -117.254
308.01 -116.455
308.11 -117.733
308.21 -116.17
308.31 -115.287
308.41 -116.379
308.51 -116.623
308.61 -116.62
308.71 -115.977
308.81 -118.658
308.91 -118.257
309.01 -120.275
309.11 -118.206
309.21 -118.217
309.31 -117.346
309.41 -119.158
309.51 -119.192
309.61 -120.698
309.71 -120.43
309.81 -118.188
309.91 -119.848
310.01 -120.133
310.11 -120.683
310.21 -120.078
310.31 -121.165
310.41 -120.048
310.51 -120.376
310.61 -119.964
310.71 -121.801
310.81 -123.438
310.91 -123.462
311.01 -121.551
311.11 -122.481
311.21 -122.459
311.31 -122.164
311.41 -120.817
311.51 -120.633
311.61 -120.929
311.71 -119.343
311.81 -117.361
311.91 -116.439
312.01 -117.52
312.11 -117.065
312.21 -117.162
312.31 -118.628
312.41 -117.768
312.51 -117.268
312.61 -114.97
312.71 -113.314
312.81 -112.612
312.91 -114.514
313.01 -116.394
313.11 -117.797
313.21 -119.788
313.31 -120.509
313.41 -121.157
313.51 -117.563
313.61 -116.63
313.71 -117.923
313.81 -116.306
313.91 -114.085
314.01 -113.217
314.11 -114.313
314.21 -115.422
314.31 -114.926
314.41 -115.776
314.51 -117.312
314.61 -116.96
314.71 -117.808
314.81 -118.526
314.91 -118.902
315.01 -121.485
315.11 -121.099
315.21 -120.741
315.31 -119.603
315.41 -119.253
315.51 -119.953
315.61 -120.188
315.71 -120.798
315.81 -121.088
315.91 -120.457
316.01 -118.709
316.11 -117.204
316.21 -117.37
316.31 -118.601
316.41 -116.117
316.51 -117.207
316.61 -115.254
316.71 -114.016
316.81 -115.337
316.91 -113.575
317.01 -112.548
317.11 -114.542
317.21 -114.421
317.31 -114.461
317.41 -112.883
317.51 -113.826
317.61 -115.047
317.71 -114.92
317.81 -116.4
317.91 -116.93
318.01 -116.691
318.11 -116.157
318.21 -115.322
318.31 -115.026
318.41 -117.327
318.51 -113.686
318.61 -114.099
318.71 -112.001
318.81 -111.211
318.91 -108.903
319.01 -109.512
319.11 -108.717
319.21 -109.266
319.31 -109.819
319.41 -108.092
319.51 -107.599
319.61 -106.996
319.71 -106.924
319.81 -106.914
319.91 -106.577
320.01 -110.346
320.11 -112.296
320.21 -111.312
320.31 -112.079
320.41 -113.525
320.51 -110.288
320.61 -111.429
320.71 -111.041
320.81 -106.793
320.91 -103.315
321.01 -103.914
321.11 -104.239
321.21 -104.897
321.31 -105.21
321.41 -106.183
321.51 -106.452
321.61 -106.082
321.71 -107.053
321.81 -105.981
321.91 -106.831
322.01 -105.313
322.11 -103.77
322.21 -105.126
322.31 -104.283
322.41 -103.162
322.51 -103.235
322.61 -104.353
322.71 -103.865
322.81 -103.721
322.91 -105.146
323.01 -105.323
323.111 -105.874
323.211 -105.568
323.311 -106.211
323.411 -108.003
323.511 -106.864
323.611 -107.842
323.711 -107.118
323.811 -106.996
323.911 -107.42
324.011 -109.018
324.111 -108.407
324.211 -105.861
324.311 -106.564
324.411 -108.412
324.511 -109.554
324.611 -107.405
324.711 -106.731
324.811 -106.216
324.911 -104.09
325.011 -103.427
325.111 -102.754
325.211 -102.295
325.311 -103.105
325.411 -103.53
325.511 -102.777
325.611 -101.618
325.711 -98.8412
325.811 -99.7575
325.911 -99.4524
326.011 -100.609
326.111 -104.546
326.211 -105.894
326.311 -105.003
326.411 -104.623
326.511 -106.229
326.611 -107.938
326.711 -108.948
326.811 -110.014
326.911 -110.355
327.011 -108.74
327.111 -110.813
327.211 -111.466
327.311 -113.114
327.411 -114.839
327.511 -113.067
327.611 -115.194
327.711 -115.297
327.811 -116.065
327.911 -117.617
328.011 -116.046
328.111 -116.061
328.211 -115.84
328.311 -118.277
328.411 -118.633
328.511 -119.388
328.611 -116.664
328.711 -115.731
328.811 -115.525
328.911 -114.081
329.011 -115.693
329.111 -115.675
329.211 -117.424
329.311 -117.587
329.411 -116.961
329.511 -116.115
329.611 -118.148
329.711 -117.341
329.811 -116.172
329.911 -115.789
330.011 -115.352
330.111 -115.251
330.211 -113.599
330.311 -115.588
330.411 -118.22
330.511 -120.804
330.611 -119.873
330.711 -118.751
330.811 -120.387
330.911 -121.903
331.011 -122.059
331.111 -120.92
331.211 -123.758
331.311 -125.008
331.411 -124.689
331.511 -125.011
331.611 -124.132
331.711 -124.68
331.811 -126.666
331.911 -124.177
332.011 -125.402
332.111 -124.91
332.211 -126.256
332.311 -127.447
332.411 -125.818
332.511 -125.915
332.611 -125.908
332.711 -127.181
332.811 -128.32
332.911 -128.542
333.011 -127.154
333.111 -127.888
333.211 -129.036
333.311 -130.207
333.411 -130.864
333.511 -132.162
333.611 -131.367
333.711 -132.727
333.811 -133.481
333.911 -133.525
334.011 -135.271
334.111 -134.5
334.211 -134.117
334.311 -133.368
334.411 -135.001
334.511 -135.501
334.611 -136.212
334.711 -137.53
334.811 -138.741
334.911 -140.084
335.011 -137.587
335.111 -136.749
335.211 -139.24
335.311 -139.028
335.411 -141.166
335.511 -139.821
335.611 -137.517
335.711 -136.278
335.811 -137.159
335.911 -139.473
336.011 -140.925
336.111 -138.961
336.211 -137.059
336.311 -140.223
336.411 -142.61
336.511 -140.913
336.611 -140.089
336.711 -136.924
336.811 -135.65
336.911 -135.209
337.011 -135.207
337.111 -134.129
337.211 -134.979
337.311 -135.981
337.411 -136.004
337.511 -134.76
337.611 -133.625
337.711 -133.487
337.811 -136.234
337.911 -135.517
338.011 -135.08
338.111 -136.426
338.211 -137.343
338.311 -140.574
338.411 -137.656
338.511 -137.267
338.611 -138.621
338.711 -140.293
338.811 -142.334
338.911 -140.891
339.011 -140.067
339.111 -139.472
339.211 -140.017
339.311 -141.141
339.411 -139.097
339.512 -138.519
339.612 -136.826
339.712 -136.767
339.812 -137.316
339.912 -134.748
340.012 -135.551
340.112 -134.459
340.212 -134.396
340.312 -136.454
340.412 -135.792
340.512 -135.807
340.612 -136.022
340.712 -134.925
340.812 -138.202
340.912 -139.808
341.012 -141.027
341.112 -140.623
341.212 -140.67
341.312 -138.548
341.412 -138.975
341.512 -136.46
341.612 -136.003
341.712 -137.214
341.812 -136.65
341.912 -137.817
342.012 -135.668
342.112 -135.623
342.212 -139.005
342.312 -140
342.412 -141.519
342.512 -142.394
342.612 -141.463
342.712 -141.149
342.812 -139.851
342.912 -139.754
343.012 -138.33
343.112 -136.78
343.212 -138.43
343.312 -140.256
343.412 -137.33
343.512 -139.046
343.612 -140.146
343.712 -139.142
343.812 -141.234
343.912 -139.248
344.012 -140.499
344.112 -138.859
344.212 -138.175
344.312 -138.869
344.412 -137.929
344.512 -138.214
344.612 -138.994
344.712 -139.671
344.812 -140.471
344.912 -140.737
345.012 -141.592
345.112 -141.425
345.212 -143.795
345.312 -144.725
345.412 -145.229
345.512 -143.546
345.612 -143.008
345.712 -142.959
345.812 -144.635
345.912 -143.923
346.012 -142.248
346.112 -138.993
346.212 -139.256
346.312 -142.28
346.412 -141.434
346.512 -141.911
346.612 -140.347
346.712 -141.111
346.812 -139.455
346.912 -140.299
347.012 -141.344
347.112 -141.589
347.212 -142.26
347.312 -140.773
347.412 -140.614
347.512 -140.504
347.612 -140.224
347.712 -137.589
347.812 -137.408
347.912 -139.449
348.012 -138.812
348.112 -136.319
348.212 -136.096
348.312 -138.486
348.412 -139.789
348.512 -138.855
348.612 -138.585
348.712 -140.609
348.812 -140.308
348.912 -139.08
349.012 -138.684
349.112 -138.666
349.212 -138.164
349.312 -141.739
349.412 -142.081
349.512 -142.466
349.612 -141.898
349.712 -139.678
349.812 -140.478
349.912 -140.847
350.012 -143.274
350.112 -143.679
350.212 -144.224
350.312 -143.243
350.412 -142.17
350.512 -142.57
350.612 -141.798
350.712 -142.771
350.812 -146.876
350.912 -145.205
351.012 -145.526
351.112 -145.87
351.212 -145.289
351.312 -145.743
351.412 -145.728
351.512 -146.551
351.612 -146.026
351.712 -144.621
351.812 -144.073
351.912 -144.325
352.012 -143.152
352.112 -143.591
352.212 -144.699
352.312 -144.344
352.412 -143.737
352.512 -143.946
352.612 -143.219
352.712 -143.68
352.812 -142.847
352.912 -141.698
353.012 -142.478
353.112 -143.28
353.212 -144.043
353.312 -144.973
353.412 -145.801
353.512 -144.696
353.612 -142.991
353.712 -141.247
353.812 -142.892
353.912 -143.249
354.012 -142.843
354.112 -142.602
354.212 -142.228
354.312 -141.377
354.412 -143.988
354.512 -143.178
354.612 -141.606
354.712 -141.365
354.812 -142.355
354.912 -143.239
355.012 -142.851
355.112 -143.942
355.212 -144.786
355.312 -145.203
355.412 -144.43
355.512 -146.085
355.612 -144.801
355.712 -141.852
355.812 -142.123
355.913 -143.109
356.013 -142.113
356.113 -141.053
356.213 -139.644
356.313 -139.348
356.413 -138.283
356.513 -139.457
356.613 -139.265
356.713 -138.559
356.813 -138.404
356.913 -139.495
357.013 -142.001
357.113 -141.188
357.213 -144.126
357.313 -142.537
357.413 -141.775
357.513 -141.359
357.613 -144.745
357.713 -146.533
357.813 -148.937
357.913 -149.986
358.013 -148.521
358.113 -149.519
358.213 -148.74
358.313 -149.782
358.413 -149.38
358.513 -150.627
358.613 -150.543
358.713 -150.243
358.813 -151.133
358.913 -150.359
359.013 -151.874
359.113 -152.914
359.213 -152.436
359.313 -150.147
359.413 -149.841
359.513 -150.813
359.613 -151.942
359.713 -151.045
359.813 -151.964
359.913 -151.527
360.013 -150.818
360.113 -150.159
360.213 -151.133
360.313 -149.45
360.413 -149.077
360.513 -147.574
360.613 -147.819
360.713 -145.632
360.813 -147.836
360.913 -151.377
361.013 -149.436
361.113 -148.86
361.213 -148.073
361.313 -149.225
361.413 -148.844
361.513 -149.888
361.613 -149.502
361.713 -147.63
361.813 -145
361.913 -145.968
362.013 -145.784
362.113 -147.06
362.213 -145.748
362.313 -145.771
362.413 -144.548
362.513 -145.768
362.613 -146.182
362.713 -148.34
362.813 -147.504
362.913 -145.959
363.013 -146.103
363.113 -148.895
363.213 -149.556
363.313 -150.456
363.413 -148.506
363.513 -151.671
363.613 -151.155
363.713 -152.138
363.813 -150.598
363.913 -149.436
364.013 -151.621
364.113 -151.34
364.213 -151.5
364.313 -150.31
364.413 -149.32
364.513 -151.53
364.613 -149.275
364.713 -150.036
364.813 -151.196
364.913 -150.245
365.013 -151.659
365.113 -153.931
365.213 -153.846
365.313 -155.079
365.413 -153.684
365.513 -152.862
365.613 -153.809
365.713 -152.563
365.813 -154.746
365.913 -152.364
366.013 -149.713
366.113 -147.24
366.213 -148.107
366.313 -147.705
366.413 -148.62
366.513 -150.006
366.613 -151.582
366.713 -151.262
366.813 -151.478
366.913 -153.187
367.013 -149.778
367.113 -152.228
367.213 -154.044
367.313 -154.049
367.413 -154.687
367.513 -153.446
367.613 -150.559
367.713 -151.659
367.813 -153.162
367.913 -153.706
368.013 -153.818
368.113 -155.387
368.213 -154.233
368.313 -155.594
368.413 -156.357
368.513 -157.495
368.613 -158.62
368.713 -156.902
368.813 -157.776
368.913 -159.864
369.013 -160.587
369.113 -161.263
369.213 -160.862
369.313 -160.074
369.413 -160.112
369.513 -158.839
369.613 -161.211
369.713 -161.827
369.813 -163.049
369.913 -164.311
370.013 -167.376
370.113 -166.913
370.213 -163.776
370.313 -165.045
370.413 -165.228
370.513 -163.216
370.613 -163.501
370.713 -162.647
370.813 -162.199
370.913 -162.359
371.013 -163.621
371.113 -163.886
371.213 -162.853
371.313 -162.191
371.413 -161.568
371.513 -161.671
371.613 -162.489
371.713 -162.871
371.813 -162.536
371.913 -160.299
372.013 -159.708
372.113 -160.774
372.214 -160.071
372.314 -160.371
372.414 -162.435
372.514 -166.26
372.614 -165.813
372.714 -164.654
372.814 -168.72
372.914 -167.722
373.014 -167.696
373.114 -165.876
373.214 -166.071
373.314 -165.847
373.414 -164.937
373.514 -166.894
373.614 -166.354
373.714 -164.829
373.814 -164.783
373.914 -161.104
374.014 -160.413
374.114 -160.656
374.214 -157.462
374.314 -156.372
374.414 -157.304
374.514 -156.213
374.614 -158.171
374.714 -158.795
374.814 -161.41
374.914 -162.864
375.014 -163.249
375.114 -165.036
375.214 -165.001
375.314 -166.475
375.414 -165.642
375.514 -164.646
375.614 -164.916
375.714 -165.077
375.814 -164.916
375.914 -165.551
376.014 -166.327
376.114 -167.666
376.214 -169.314
376.314 -166.041
376.414 -166.099
376.514 -165.484
376.614 -166.609
376.714 -165.107
376.814 -164.977
376.914 -164.399
377.014 -168.026
377.114 -168.21
377.214 -168.198
377.314 -167.664
377.414 -169.225
377.514 -170.313
377.614 -169.678
377.714 -172.654
377.814 -172.511
377.914 -172.438
378.014 -172.589
378.114 -170.314
378.214 -171.84
378.314 -172.404
378.414 -173.262
378.514 -172.333
378.614 -170.938
378.714 -170.088
378.814 -166.234
378.914 -164.871
379.014 -165.132
379.114 -164.551
379.214 -163.644
379.314 -162.302
379.414 -162.434
379.514 -162.088
379.614 -160.362
379.714 -160.824
379.814 -161.094
379.914 -159.387
380.014 -159.907
380.114 -162.192
380.214 -164.334
380.314 -163.026
380.414 -164.331
380.514 -165.019
380.614 -168.252
380.714 -168.161
380.814 -167.62
380.914 -167.609
381.014 -167.864
381.114 -166.844
381.214 -167.434
381.314 -168.423
381.414 -168.585
381.514 -168.347
381.614 -169.887
381.714 -171.661
381.814 -173.044
381.914 -171.627
382.014 -171.827
382.114 -172.679
382.214 -170.665
382.314 -169.604
382.414 -167.583
382.514 -168.465
382.614 -169.698
382.714 -168.329
382.814 -168.631
382.914 -169.803
383.014 -170.511
383.114 -170.331
383.214 -170.845
383.314 -170.879
383.414 -170.38
383.514 -168.472
383.614 -167.842
383.714 -169.607
383.814 -168.59
383.914 -168.018
384.014 -167.632
384.114 -169.088
384.214 -167.326
384.314 -165.146
384.414 -165.237
384.514 -164.9
384.614 -165.093
384.714 -161.976
384.814 -162.49
384.914 -160.484
385.014 -161.024
385.114 -160.241
385.214 -159.461
385.314 -160.781
385.414 -160.834
385.514 -160.788
385.614 -159.791
385.714 -159.973
385.814 -163.07
385.914 -159.452
386.014 -160.031
386.114 -159.936
386.214 -159.204
386.314 -159.63
386.414 -157.731
386.514 -157.506
386.614 -158.182
386.714 -157.474
386.814 -156.595
386.914 -157.592
387.014 -157.755
387.114 -155.178
387.214 -152.49
387.314 -153.212
387.414 -150.645
387.514 -150.95
387.614 -151.062
387.714 -149.761
387.814 -151.65
387.914 -149.862
388.014 -148.145
388.114 -148.015
388.214 -147.908
388.314 -147.09
388.414 -147.245
388.514 -145.852
388.615 -149.241
388.715 -150.374
388.815 -151.138
388.915 -151.641
389.015 -153.3
389.115 -152.107
389.215 -151.461
389.315 -151.72
389.415 -153.69
389.515 -153.033
389.615 -153.232
389.715 -154.606
389.815 -158.49
389.915 -159.268
390.015 -159.416
390.115 -157.874
390.215 -156.499
390.315 -156.456
390.415 -158.583
390.515 -156.98
390.615 -158.041
390.715 -156.709
390.815 -157.598
390.915 -155.472
391.015 -153.991
391.115 -153.51
391.215 -152.578
391.315 -150.828
391.415 -150.311
391.515 -150.062
391.615 -150.28
391.715 -148.447
391.815 -148.571
391.915 -152.114
392.015 -151.909
392.115 -150.288
392.215 -149.388
392.315 -147.924
392.415 -148.467
392.515 -147.081
392.615 -148.074
392.715 -148.367
392.815 -152.839
392.915 -152.286
393.015 -152.586
393.115 -151.164
393.215 -149.824
393.315 -152.471
393.415 -152.393
393.515 -153.623
393.615 -154.562
393.715 -153.51
393.815 -151.831
393.915 -150.926
394.015 -153.13
394.115 -154.177
394.215 -154.849
394.315 -152.214
394.415 -151.02
394.515 -151.095
394.615 -151.125
394.715 -150.547
394.815 -148.925
394.915 -148.757
395.015 -149.227
395.115 -149.32
395.215 -149.307
395.315 -151.817
395.415 -151.39
395.515 -149.664
395.615 -148.948
395.715 -150.482
395.815 -153.277
395.915 -152.806
396.015 -152.045
396.115 -150.598
396.215 -149.668
396.315 -150.101
396.415 -150.388
396.515 -149.49
396.615 -149.535
396.715 -149.344
396.815 -150.523
396.915 -151.649
397.015 -151.632
397.115 -149.87
397.215 -149.052
397.315 -149.788
397.415 -150.007
397.515 -148.704
397.615 -148.181
397.715 -148.763
397.815 -149.392
397.915 -149.814
398.015 -148.755
398.115 -147.302
398.215 -146.859
398.315 -144.735
398.415 -146.025
398.515 -149.608
398.615 -147.066
398.715 -145.136
398.815 -145.799
398.915 -141.534
399.015 -144.638
399.115 -143.354
399.215 -144.905
399.315 -142.613
399.415 -143.653
399.515 -144.07
399.615 -142.255
399.715 -139.533
399.815 -141.108
399.915 -143.596
400.015 -142.671
400.115 -141.889
400.215 -138.797
400.315 -138.313
400.415 -137.991
400.515 -138.828
400.615 -138.399
400.715 -139.85
400.815 -140.485
400.915 -141.025
401.015 -142.245
401.115 -143.74
401.215 -142.71
401.315 -143.859
401.415 -143.042
401.515 -145.03
401.615 -143.839
401.715 -141.189
401.815 -141.745
401.915 -142.977
402.015 -143.703
402.115 -144.918
402.215 -142.392
402.315 -141.941
402.415 -141.51
402.515 -143.673
402.615 -139.244
402.715 -140.118
402.815 -141.287
402.915 -139.881
403.015 -139.412
403.115 -139.013
403.215 -138.796
403.315 -137.701
403.415 -135.053
403.515 -134.941
403.615 -135.531
403.715 -134.971
403.815 -137.41
403.915 -138.988
404.015 -138.727
404.115 -139.277
404.215 -137.871
404.315 -139.39
404.415 -140.017
404.515 -141.26
404.615 -141.124
404.715 -139.293
404.815 -138.664
404.915 -137.106
405.016 -134.698
405.116 -134.193
405.216 -133.566
405.316 -132.657
405.416 -132.177
405.516 -129.915
405.616 -130.49
405.716 -131.548
405.816 -131.259
405.916 -131.595
406.016 -133.453
406.116 -133.573
406.216 -133.708
406.316 -132.768
406.416 -131.151
406.516 -129.859
406.616 -130.762
406.716 -129.329
406.816 -128.996
406.916 -129.057
407.016 -127.231
407.116 -127.701
407.216 -130.699
407.316 -130.719
407.416 -131.052
407.516 -132.94
407.616 -133.44
407.716 -133.268
407.816 -131.872
407.916 -131.749
408.016 -132.163
408.116 -130.492
408.216 -131.077
408.316 -131.285
408.416 -130.68
408.516 -129.416
408.616 -133.522
408.716 -132.368
408.816 -132.132
408.916 -129.136
409.016 -129.614
409.116 -131.162
409.216 -129.751
409.316 -129.953
409.416 -129.82
409.516 -132.069
409.616 -130.09
409.716 -130.641
409.816 -130.185
409.916 -131.501
410.016 -132.856
410.116 -134.852
410.216 -134.858
410.316 -135.047
410.416 -135.42
410.516 -134.906
410.616 -133.975
410.716 -134.844
410.816 -133.934
410.916 -132.954
411.016 -133.742
411.116 -133.504
411.216 -132.143
411.316 -129.088
411.416 -127.688
411.516 -127.729
411.616 -128.887
411.716 -129.081
411.816 -129.363
411.916 -130.278
412.016 -130.613
412.116 -129.138
412.216 -130.351
412.316 -130.784
412.416 -132.059
412.516 -132.623
412.616 -132.564
412.716 -135.327
412.816 -134.868
412.916 -134.314
413.016 -132.515
413.116 -132.647
413.216 -132.844
413.316 -133.651
413.416 -133.958
413.516 -134.81
413.616 -134.643
413.716 -133.786
413.816 -132.609
413.916 -132.235
414.016 -131.052
414.116 -131.479
414.216 -131.142
414.316 -130.534
414.416 -129.88
414.516 -131.512
414.616 -130.746
414.716 -127.557
414.816 -129.635
414.916 -128.678
415.016 -127.984
415.116 -130.291
415.216 -131.531
415.316 -130.615
415.416 -128.238
415.516 -128.3
415.616 -127.832
415.716 -128.703
415.816 -128.074
415.916 -124.002
416.016 -124.44
416.116 -124.861
416.216 -125.596
416.316 -126.001
416.416 -128.013
416.516 -127.978
416.616 -126.568
416.716 -124.909
416.816 -125.967
416.916 -125.77
417.016 -127.929
417.116 -126.45
417.216 -126.994
417.316 -125.51
417.416 -124.352
417.516 -123.181
417.616 -123.074
417.716 -123.987
417.816 -124.181
417.916 -122.07
418.016 -121.081
418.116 -119.965
418.216 -121.063
418.316 -122.081
418.416 -121.81
418.516 -122.255
418.616 -124.602
418.716 -125.086
418.816 -124.531
418.916 -123.458
419.016 -125.467
419.116 -126.105
419.216 -126.099
419.316 -124.663
419.416 -125.448
419.516 -125.277
419.616 -123.554
419.716 -123.589
419.816 -123.444
419.916 -124.24
420.016 -124.819
420.116 -124.304
420.216 -124.226
420.316 -121.542
420.416 -121.291
420.516 -124.315
420.616 -122.313
420.716 -122.128
420.816 -122.421
420.916 -121.478
421.016 -120.189
421.116 -119.687
421.216 -117.999
421.316 -118.052
421.417 -119.464
421.517 -119.396
421.617 -116.934
421.717 -116.355
421.817 -116.118
421.917 -113.186
422.017 -116.325
422.117 -116.547
422.217 -119.799
422.317 -120.932
422.417 -123.926
422.517 -126.519
422.617 -127.8
422.717 -126.731
422.817 -127.192
422.917 -127.578
423.017 -129.239
423.117 -128.27
423.217 -125.867
423.317 -124.932
423.417 -127.334
423.517 -127.515
423.617 -126.175
423.717 -124.091
423.817 -124.422
423.917 -125.159
424.017 -123.05
424.117 -125.299
424.217 -126.104
424.317 -127.23
424.417 -128.377
424.517 -127.457
424.617 -126.639
424.717 -128.699
424.817 -128.782
424.917 -127.905
425.017 -128.247
425.117 -130.293
425.217 -130.165
425.317 -129.495
425.417 -128.66
425.517 -129.001
425.617 -129.653
425.717 -129.864
425.817 -129.227
425.917 -130.281
426.017 -130.419
426.117 -132.796
426.217 -132.351
426.317 -131.897
426.417 -129.879
426.517 -127.774
426.617 -128.401
426.717 -128.425
426.817 -128.168
426.917 -131.478
427.017 -131.262
427.117 -130.835
427.217 -131.229
427.317 -131.17
427.417 -132.496
427.517 -133.853
427.617 -130.996
427.717 -129.696
427.817 -129.267
427.917 -129.836
428.017 -127.926
428.117 -129.374
428.217 -128.946
428.317 -128.801
428.417 -128.36
428.517 -129.235
428.617 -130.397
428.717 -131.837
428.817 -131.597
428.917 -130.805
429.017 -131.07
429.117 -130.078
429.217 -128.27
429.317 -128.286
429.417 -127.962
429.517 -125.038
429.617 -126.249
429.717 -126.042
429.817 -125.886
429.917 -126.623
430.017 -126.502
430.117 -130.207
430.217 -129.521
430.317 -130.694
430.417 -133.203
430.517 -133.825
430.617 -134.032
430.717 -132.42
430.817 -134.097
430.917 -134.407
431.017 -132.707
431.117 -133.649
431.217 -135.777
431.317 -134.923
431.417 -132.591
431.517 -134.01
431.617 -134.384
431.717 -134.25
431.817 -133.934
431.917 -135.831
432.017 -135.183
432.117 -135.675
432.217 -135.303
432.317 -137.868
432.417 -141.827
432.517 -143.16
432.617 -142.789
432.717 -144.954
432.817 -144.769
432.917 -145.168
433.017 -146.161
433.117 -146.017
433.217 -146.992
433.317 -145.693
433.417 -146.198
433.517 -144.605
433.617 -144.185
433.717 -142.076
433.817 -142.769
433.917 -141.522
434.017 -138.276
434.117 -138.353
434.217 -139.743
434.317 -141.67
434.417 -141.517
434.517 -140.813
434.617 -140.352
434.717 -141.17
434.817 -138.847
434.917 -141.473
435.017 -143.419
435.117 -144.112
435.217 -141.433
435.317 -142.692
435.417 -140.95
435.517 -140.67
435.617 -138.932
435.717 -138.711
435.817 -140.855
435.917 -142.037
436.017 -141.59
436.117 -140.865
436.217 -141.298
436.317 -142.103
436.417 -143.054
436.517 -142.673
436.617 -144.112
436.717 -142.998
436.817 -144.243
436.917 -145.708
437.017 -144.636
437.117 -144.946
437.217 -143.695
437.317 -145.586
437.417 -144.833
437.517 -142.424
437.617 -143.506
437.717 -146.749
437.818 -147.462
437.918 -148.769
438.018 -149.559
438.118 -149.639
438.218 -150.218
438.318 -150.098
438.418 -148.538
438.518 -147.88
438.618 -147.379
438.718 -146.804
438.818 -147.235
438.918 -148.115
439.018 -150.443
439.118 -151.644
439.218 -149.88
439.318 -150.237
439.418 -151.737
439.518 -152.137
439.618 -154.13
439.718 -156.18
439.818 -155.373
439.918 -156.834
440.018 -156.271
440.118 -155.696
440.218 -153.778
440.318 -153.26
440.418 -152.978
440.518 -151.765
440.618 -149.306
440.718 -147.544
440.818 -144.11
440.918 -142.65
441.018 -142.591
441.118 -141.839
441.218 -140.996
441.318 -141.707
441.418 -143.594
441.518 -143.683
441.618 -142.778
441.718 -143.069
441.818 -140.775
441.918 -143.647
442.018 -145.035
442.118 -143.693
442.218 -143.686
442.318 -142.261
442.418 -142.16
442.518 -142.041
442.618 -140.668
442.718 -141.47
442.818 -141.526
442.918 -143.202
443.018 -142.139
443.118 -143.576
443.218 -144.561
443.318 -146.509
443.418 -145.405
443.518 -145.243
443.618 -144.772
443.718 -143.983
443.818 -144.896
443.918 -142.838
444.018 -138.299
444.118 -138.37
444.218 -137.699
444.318 -136.747
444.418 -137.518
444.518 -135.891
444.618 -136.645
444.718 -135.561
444.818 -137.701
444.918 -139.11
445.018 -140.344
445.118 -140.273
445.218 -141.736
445.318 -142.696
445.418 -143.101
445.518 -143.248
445.618 -142.148
445.718 -141.839
445.818 -143.886
445.918 -144.531
446.018 -145.294
446.118 -143.116
446.218 -142.638
446.318 -140.758
446.418 -138.05
446.518 -140.192
446.618 -138.671
446.718 -138.744
446.818 -138.614
446.918 -140.604
447.018 -139.282
447.118 -140.441
447.218 -141.035
447.318 -139.166
447.418 -140.824
447.518 -138.567
447.618 -138.202
447.718 -138.366
447.818 -137.917
447.918 -135.054
448.018 -135.214
448.118 -136.388
448.218 -135.413
448.318 -136.734
448.418 -136.066
448.518 -134.483
448.618 -134.895
448.718 -134.918
448.818 -135.741
448.918 -134.798
449.018 -135.329
449.118 -135.565
449.218 -136.494
449.318 -138.298
449.418 -140.497
449.518 -137.906
449.618 -139.416
449.718 -137.441
449.818 -137.151
449.918 -136.455
450.018 -137.76
450.118 -139.156
450.218 -138.408
450.318 -138.37
450.418 -134.79
450.518 -137.165
450.618 -138.319
450.718 -139.112
450.818 -141.331
450.918 -140.258
451.018 -141.752
451.118 -142.028
451.218 -139.921
451.318 -140.055
451.418 -141.526
451.518 -141.573
451.618 -141.389
451.718 -143.536
451.818 -143.585
451.918 -143.395
452.018 -143.814
452.118 -142.751
452.218 -140.606
452.318 -142.371
452.418 -141.951
452.518 -143.253
452.618 -142.569
452.718 -143.902
452.818 -145.282
452.918 -146.798
453.018 -145.955
453.118 -143.904
453.218 -142.704
453.318 -140.776
453.418 -139.129
453.518 -138.225
453.618 -139.072
453.718 -141.403
453.818 -140.961
453.918 -142.565
454.018 -145.225
454.118 -145.248
454.219 -144.661
454.319 -145.859
454.419 -146.382
454.519 -146.298
454.619 -149.453
454.719 -149.213
454.819 -148.612
454.919 -149.886
455.019 -154.422
455.119 -153.297
455.219 -151.27
455.319 -150.059
455.419 -149.939
455.519 -150.42
455.619 -149.977
455.719 -150.584
455.819 -149.012
455.919 -149.825
456.019 -150.675
456.119 -148.544
456.219 -148.895
456.319 -147.384
456.419 -146.356
456.519 -145.971
456.619 -146.613
456.719 -145.067
456.819 -145.058
456.919 -146.086
457.019 -145.642
457.119 -145.372
457.219 -147.13
457.319 -145.732
457.419 -145.647
457.519 -146.178
457.619 -143.025
457.719 -145.426
457.819 -145.275
457.919 -145.015
458.019 -147.524
458.119 -146.543
458.219 -147.807
458.319 -145.944
458.419 -146.092
458.519 -147.559
458.619 -147.747
458.719 -149.016
458.819 -145.23
458.919 -147.22
459.019 -147.896
459.119 -148.102
459.219 -150.99
459.319 -152.255
459.419 -155.615
459.519 -155.122
459.619 -152.922
459.719 -153.962
459.819 -155.43
459.919 -157.719
460.019 -159.976
460.119 -159.79
460.219 -157.883
460.319 -160.392
460.419 -158.934
460.519 -160.498
460.619 -160.442
460.719 -159.546
460.819 -159.784
460.919 -159.062
461.019 -157.076
461.119 -156.962
461.219 -156.363
461.319 -155.641
461.419 -155.767
461.519 -155.488
461.619 -154.624
461.719 -154.021
461.819 -152.687
461.919 -151.787
462.019 -151.539
462.119 -152.651
462.219 -151.783
462.319 -149.747
462.419 -150.676
462.519 -149.938
462.619 -148.572
462.719 -150.334
462.819 -151.854
462.919 -150.667
463.019 -151.933
463.119 -152.146
463.219 -152.263
463.319 -149.925
463.419 -150.843
463.519 -150.062
463.619 -150.525
463.719 -150.789
463.819 -149.661
463.919 -149.642
464.019 -148.186
464.119 -150.351
464.219 -150.168
464.319 -148.923
464.419 -147.034
464.519 -146.847
464.619 -147.383
464.719 -147.077
464.819 -148.443
464.919 -148.019
465.019 -147.953
465.119 -147.769
465.219 -146.45
465.319 -143.921
465.419 -145.115
465.519 -144.855
465.619 -145.606
465.719 -148.321
465.819 -146.281
465.919 -145.035
466.019 -144.762
466.119 -145.124
466.219 -145.13
466.319 -144.653
466.419 -143.638
466.519 -143.444
466.619 -143.564
466.719 -144.485
466.819 -142.31
466.919 -142.566
467.019 -145.785
467.119 -146.076
467.219 -146.427
467.319 -145.037
467.419 -141.545
467.519 -143.457
467.619 -145.938
467.719 -146.888
467.819 -147.723
467.919 -147.453
468.019 -146.622
468.119 -145.402
468.219 -144.608
468.319 -144.418
468.419 -143.924
468.519 -141.773
468.619 -141.939
468.719 -142.378
468.819 -143.15
468.919 -143.387
469.019 -141.497
469.119 -140.086
469.219 -137.926
469.319 -136.456
469.419 -136.356
469.519 -136.521
469.619 -135.396
469.719 -135.347
469.819 -134.363
469.919 -133.961
470.019 -134.178
470.119 -134.598
470.219 -134.138
470.319 -134.331
470.419 -133.689
470.52 -132.769
470.62 -131.607
470.72 -133.008
470.82 -134.825
470.92 -136.647
471.02 -135.76
471.12 -136.481
471.22 -135.25
471.32 -133.878
471.42 -132.994
471.52 -133.787
471.62 -133.8
471.72 -133.595
471.82 -134.474
471.92 -132.53
472.02 -130.978
472.12 -129.081
472.22 -126.581
472.32 -127.701
472.42 -126.737
472.52 -126.734
472.62 -127.006
472.72 -126.26
472.82 -122.736
472.92 -122.448
473.02 -123
473.12 -122.826
473.22 -121.517
473.32 -123.118
473.42 -123.638
473.52 -123.025
473.62 -120.89
473.72 -122.147
473.82 -119.55
473.92 -119.466
474.02 -121.348
474.12 -120.932
474.22 -121.229
474.32 -120.798
474.42 -122.112
474.52 -124.292
474.62 -123.061
474.72 -124.258
474.82 -124.196
474.92 -123.881
475.02 -122.33
475.12 -122.156
475.22 -120.624
475.32 -118.502
475.42 -118.253
475.52 -119.146
475.62 -117.753
475.72 -115.828
475.82 -116.418
475.92 -118.052
476.02 -119.883
476.12 -120.014
476.22 -120.365
476.32 -120.878
476.42 -119.726
476.52 -120.531
476.62 -122.742
476.72 -122.297
476.82 -121.483
476.92 -121.495
477.02 -124.214
477.12 -123.989
477.22 -124.706
477.32 -123.697
477.42 -121.008
477.52 -121.328
477.62 -121.371
477.72 -123.827
477.82 -122.943
477.92 -123.71
478.02 -124.28
478.12 -122.604
478.22 -123.046
478.32 -123.078
478.42 -121.257
478.52 -123.33
478.62 -121.555
478.72 -120.755
478.82 -121.689
478.92 -120.542
479.02 -118.398
479.12 -118.032
479.22 -115.612
479.32 -117.414
479.42 -117.392
479.52 -117.159
479.62 -116.757
479.72 -115.372
479.82 -115.504
479.92 -114.59
480.02 -114.648
480.12 -114.511
480.22 -118.079
480.32 -118.364
480.42 -118.026
480.52 -120.523
480.62 -121.233
480.72 -123.348
480.82 -123.447
480.92 -123.554
481.02 -124.983
481.12 -126.905
481.22 -125.607
481.32 -122.594
481.42 -123.903
481.52 -123.845
481.62 -122.204
481.72 -122.101
481.82 -121.213
481.92 -118.627
482.02 -116.781
482.12 -119.699
482.22 -122.029
482.32 -125.476
482.42 -128.357
482.52 -127.931
482.62 -128.367
482.72 -125.036
482.82 -125.673
482.92 -125.308
483.02 -127.335
483.12 -126.064
483.22 -125.236
483.32 -125.8
483.42 -126.536
483.52 -125.176
483.62 -125.322
483.72 -125.437
483.82 -125.981
483.92 -128.093
484.02 -127.677
484.12 -126.757
484.22 -127.918
484.32 -130.081
484.42 -131.335
484.52 -130.507
484.62 -128.534
484.72 -127.773
484.82 -128.334
484.92 -128.166
485.02 -127.397
485.12 -126.788
485.22 -127.928
485.32 -127.464
485.42 -126.697
485.52 -125.29
485.62 -124.113
485.72 -122.982
485.82 -120.598
485.92 -122.009
486.02 -122.463
486.12 -120.715
486.22 -118.82
486.32 -120.944
486.42 -120.397
486.52 -118.165
486.62 -119.393
486.72 -119.943
486.82 -119.294
486.921 -120.804
487.021 -122.232
487.121 -121.323
487.221 -122.422
487.321 -121.611
487.421 -122.929
487.521 -121.377
487.621 -120.725
487.721 -120.451
487.821 -122.534
487.921 -123.819
488.021 -124.226
488.121 -123.719
488.221 -122.188
488.321 -126.623
488.421 -126.968
488.521 -128.275
488.621 -131.434
488.721 -129.682
488.821 -128.038
488.921 -127.599
489.021 -125.561
489.121 -124.166
489.221 -123.805
489.321 -123.295
489.421 -122.089
489.521 -122.427
489.621 -123.454
489.721 -124.301
489.821 -127.169
489.921 -128.718
490.021 -128.152
490.121 -127.438
490.221 -126.618
490.321 -123.737
490.421 -124.836
490.521 -123.112
490.621 -122.397
490.721 -124.221
490.821 -126.389
490.921 -125.164
491.021 -125.887
491.121 -126.944
491.221 -128.342
491.321 -129.413
491.421 -128.492
491.521 -124.404
491.621 -124.465
491.721 -123.775
491.821 -124.025
491.921 -123.359
492.021 -123.968
492.121 -124.08
492.221 -123.826
492.321 -123.582
492.421 -121.721
492.521 -122.2
492.621 -122.685
492.721 -124.321
492.821 -127.155
492.921 -127.555
493.021 -125.448
493.121 -124.11
493.221 -123.858
493.321 -122.749
493.421 -120.982
493.521 -121.194
493.621 -121.207
493.721 -120.083
493.821 -119.738
493.921 -120.646
494.021 -121.65
494.121 -122.176
494.221 -121.822
494.321 -123.344
494.421 -124.808
494.521 -124.454
494.621 -126.307
494.721 -127.531
494.821 -126.985
494.921 -126.142
495.021 -123.567
495.121 -122.862
495.221 -125.039
495.321 -127.196
495.421 -127.803
495.521 -126.623
495.621 -125.398
495.721 -125.546
495.821 -124.356
495.921 -122.695
496.021 -124.492
496.121 -124.453
496.221 -125.052
496.321 -123.333
496.421 -122.753
496.521 -121.736
496.621 -120.945
496.721 -118.534
496.821 -116.976
496.921 -116.195
497.021 -118.123
497.121 -115.829
497.221 -113.629
497.321 -114.436
497.421 -117.085
497.521 -117.165
497.621 -116.479
497.721 -117.814
497.821 -116.645
497.921 -116.205
498.021 -114.337
498.121 -116.168
498.221 -116.339
498.321 -117.344
498.421 -115.47
498.521 -116.107
498.621 -116.047
498.721 -115.603
498.821 -117.098
498.921 -116.113
499.021 -115.842
499.121 -116.561
499.221 -114.71
499.321 -113.63
499.421 -113.423
499.521 -114.12
499.621 -112.13
499.721 -113.473
499.821 -115.277
499.921 -115.045
