6870.99 7.6
6870.97 11.4
6870.95 15.2
6870.92 19
6870.87 22.7999
6870.82 26.5998
6870.76 30.3997
6870.7 34.1996
6870.62 37.9994
6870.54 41.7992
6870.44 45.599
6870.34 49.3987
6870.23 53.1983
6870.11 56.9979
6869.99 60.7974
6869.85 64.5968
6869.71 68.3962
6869.56 72.1955
6869.4 75.9947
6869.23 79.7938
6869.05 83.5928
6868.86 87.3917
6868.67 91.1905
6868.47 94.9893
6868.26 98.7879
6868.04 102.586
6867.81 106.385
6867.57 110.183
6867.33 113.981
6867.07 117.779
6866.81 121.577
6866.54 125.375
6866.26 129.172
6865.98 132.969
6865.68 136.767
6865.38 140.564
6865.07 144.361
6864.74 148.157
6864.42 151.954
6864.08 155.75
6863.73 159.546
6863.38 163.342
6863.01 167.138
6862.64 170.934
6862.26 174.729
6861.88 178.524
6861.48 182.319
6861.07 186.114
6860.66 189.908
6860.24 193.703
6859.81 197.497
6859.37 201.291
6858.92 205.084
6858.47 208.878
6858 212.671
6857.53 216.463
6857.05 220.256
6856.56 224.048
6856.06 227.84
6855.56 231.632
6855.04 235.423
6854.52 239.215
6853.99 243.005
6853.45 246.796
6852.9 250.586
6852.34 254.376
6851.78 258.166
6851.2 261.955
6850.62 265.744
6850.03 269.533
6849.43 273.322
6848.82 277.11
6848.21 280.897
6847.58 284.685
6846.95 288.472
6846.31 292.258
6845.66 296.045
6845 299.831
6844.34 303.616
6843.66 307.402
6842.98 311.187
6842.29 314.971
6841.59 318.755
6840.88 322.539
6840.16 326.322
6839.44 330.105
6838.7 333.888
6837.96 337.67
6837.21 341.452
6836.45 345.233
6835.69 349.014
6834.91 352.794
6834.13 356.574
6833.33 360.354
6832.53 364.133
6831.73 367.912
6830.91 371.69
6830.08 375.468
6829.25 379.245
6828.4 383.022
6827.55 386.799
6826.69 390.575
6825.83 394.35
6824.95 398.125
6824.07 401.9
6823.17 405.674
6822.27 409.447
6821.36 413.22
6820.44 416.993
6819.52 420.765
6818.58 424.536
6817.64 428.307
6816.69 432.078
6815.73 435.848
6814.76 439.617
6813.78 443.386
6812.8 447.155
6811.8 450.922
6810.8 454.69
6809.79 458.456
6808.77 462.222
6807.74 465.988
6806.71 469.753
6805.67 473.517
6804.61 477.281
6803.55 481.045
6802.48 484.807
6801.41 488.569
6800.32 492.331
6799.23 496.092
6798.12 499.852
6797.01 503.612
6795.89 507.371
6794.77 511.129
6793.63 514.887
6792.49 518.644
6791.33 522.401
6790.17 526.157
6789 529.912
6787.83 533.667
6786.64 537.421
6785.45 541.174
6784.24 544.927
6783.03 548.679
6781.81 552.43
6780.59 556.181
6779.35 559.931
6778.11 563.68
6776.85 567.429
6775.59 571.177
6774.32 574.924
6773.05 578.67
6771.76 582.416
6770.46 586.161
6769.16 589.906
6767.85 593.649
6766.53 597.392
6765.2 601.134
6763.87 604.876
6762.52 608.617
6761.17 612.357
6759.81 616.096
6758.44 619.834
6757.06 623.572
6755.68 627.309
6754.28 631.045
6752.88 634.781
6751.47 638.515
6750.05 642.249
6748.62 645.982
6747.19 649.715
6745.75 653.446
6744.29 657.177
6742.83 660.907
6741.36 664.636
6739.89 668.364
6738.4 672.092
6736.91 675.818
6735.41 679.544
6733.9 683.269
6732.38 686.993
6730.85 690.716
6729.32 694.439
6727.77 698.161
6726.22 701.881
6724.66 705.601
6723.09 709.32
6721.52 713.038
6719.93 716.756
6718.34 720.472
6716.74 724.188
6715.13 727.902
6713.51 731.616
6711.88 735.329
6710.25 739.041
6708.61 742.752
6706.96 746.462
6705.3 750.171
6703.63 753.88
6701.95 757.587
6700.27 761.294
6698.58 764.999
6696.88 768.704
6695.17 772.407
6693.45 776.11
6691.73 779.812
6689.99 783.513
6688.25 787.212
6686.5 790.911
6684.74 794.609
6682.98 798.306
6681.2 802.002
6679.42 805.697
6677.63 809.391
6675.83 813.084
6674.02 816.776
6672.21 820.467
6670.38 824.157
6668.55 827.846
6666.71 831.534
6664.86 835.221
6663.01 838.907
6661.14 842.592
6659.27 846.276
6657.39 849.959
6655.5 853.64
6653.6 857.321
6651.69 861.001
6649.78 864.679
6647.86 868.357
6645.93 872.034
6643.99 875.709
6642.04 879.383
6640.09 883.057
6638.12 886.729
6636.15 890.4
6634.17 894.07
6632.19 897.739
6630.19 901.407
6628.19 905.074
6626.17 908.739
6624.15 912.404
6622.13 916.067
6620.09 919.729
6618.04 923.391
6615.99 927.051
6613.93 930.709
6611.86 934.367
6609.78 938.024
6607.7 941.679
6605.6 945.333
6603.5 948.987
6601.39 952.639
6599.27 956.289
6597.15 959.939
6595.01 963.587
6592.87 967.235
6590.72 970.881
6588.56 974.526
6586.4 978.169
6584.22 981.812
6582.04 985.453
6579.85 989.093
6577.65 992.732
6575.44 996.37
6573.23 1000.01
6571 1003.64
6568.77 1007.28
6566.53 1010.91
6564.28 1014.54
6562.03 1018.17
6559.76 1021.8
6557.49 1025.43
6555.21 1029.05
6552.92 1032.68
6550.63 1036.3
6548.32 1039.92
6546.01 1043.55
6543.69 1047.17
6541.36 1050.78
6539.02 1054.4
6536.68 1058.02
6534.33 1061.63
6531.97 1065.25
6529.6 1068.86
6527.22 1072.47
6524.84 1076.08
6522.44 1079.69
6520.04 1083.3
6517.63 1086.9
6515.22 1090.51
6512.79 1094.11
6510.36 1097.71
6507.92 1101.31
6505.47 1104.91
6503.01 1108.51
6500.54 1112.1
6498.07 1115.7
6495.59 1119.29
6493.1 1122.88
6490.6 1126.48
6488.1 1130.06
6485.58 1133.65
6483.06 1137.24
6480.53 1140.82
6478 1144.41
6475.45 1147.99
6472.9 1151.57
6470.34 1155.15
6467.77 1158.73
6465.19 1162.31
6462.61 1165.88
6460.01 1169.46
6457.41 1173.03
6454.8 1176.6
6452.19 1180.17
6449.56 1183.74
6446.93 1187.3
6444.29 1190.87
6441.64 1194.43
6438.98 1197.99
6436.32 1201.56
6433.64 1205.11
6430.96 1208.67
6428.27 1212.23
6425.58 1215.78
6422.87 1219.34
6420.16 1222.89
6417.44 1226.44
6414.71 1229.99
6411.98 1233.54
6409.23 1237.08
6406.48 1240.63
6403.72 1244.17
6400.95 1247.71
6398.18 1251.25
6395.39 1254.79
6392.6 1258.32
6389.8 1261.86
6387 1265.39
6384.18 1268.92
6381.36 1272.45
6378.53 1275.98
6375.69 1279.51
6372.84 1283.04
6369.99 1286.56
6367.12 1290.08
6364.25 1293.6
6361.38 1297.12
6358.49 1300.64
6355.6 1304.16
6352.7 1307.67
6349.79 1311.18
6346.87 1314.7
6343.94 1318.21
6341.01 1321.71
6338.07 1325.22
6335.12 1328.72
6332.16 1332.23
6329.2 1335.73
6326.23 1339.23
6323.25 1342.73
6320.26 1346.22
6317.26 1349.72
6314.26 1353.21
6311.25 1356.7
6308.23 1360.19
6305.2 1363.68
6302.17 1367.17
6299.13 1370.65
6296.08 1374.14
6293.02 1377.62
6289.95 1381.1
6286.88 1384.58
6283.8 1388.05
6280.71 1391.53
6277.61 1395
6274.51 1398.47
6271.4 1401.94
6268.28 1405.41
6265.15 1408.87
6262.01 1412.34
6258.87 1415.8
6255.72 1419.26
6252.56 1422.72
6249.39 1426.18
6246.22 1429.63
6243.04 1433.09
6239.85 1436.54
6236.65 1439.99
6233.45 1443.44
6230.23 1446.89
6227.01 1450.33
6223.78 1453.77
6220.55 1457.22
6217.31 1460.66
6214.05 1464.09
6210.8 1467.53
6207.53 1470.96
6204.25 1474.4
6200.97 1477.83
6197.68 1481.25
6194.39 1484.68
6191.08 1488.11
6187.77 1491.53
6184.45 1494.95
6181.12 1498.37
6177.79 1501.79
6174.44 1505.2
6171.09 1508.62
6167.73 1512.03
6164.37 1515.44
6160.99 1518.85
6157.61 1522.26
6154.22 1525.66
6150.83 1529.06
6147.42 1532.46
6144.01 1535.86
6140.59 1539.26
6137.16 1542.66
6133.73 1546.05
6130.29 1549.44
6126.84 1552.83
6123.38 1556.22
6119.92 1559.6
6116.44 1562.99
6112.96 1566.37
6109.48 1569.75
6105.98 1573.13
6102.48 1576.5
6098.97 1579.88
6095.45 1583.25
6091.93 1586.62
6088.39 1589.99
6084.85 1593.35
6081.31 1596.72
6077.75 1600.08
6074.19 1603.44
6070.62 1606.8
6067.04 1610.15
6063.45 1613.51
6059.86 1616.86
6056.26 1620.21
6052.65 1623.56
6049.04 1626.9
6045.41 1630.25
6041.78 1633.59
6038.14 1636.93
6034.5 1640.27
6030.85 1643.61
6027.18 1646.94
6023.52 1650.27
6019.84 1653.6
6016.16 1656.93
6012.47 1660.26
6008.77 1663.58
6005.07 1666.9
6001.35 1670.22
5997.63 1673.54
5993.91 1676.86
5990.17 1680.17
5986.43 1683.48
5982.68 1686.79
5978.92 1690.1
5975.16 1693.4
5971.38 1696.71
5967.61 1700.01
5963.82 1703.31
5960.02 1706.6
5956.22 1709.9
5952.41 1713.19
5948.6 1716.48
5944.77 1719.77
5940.94 1723.06
5937.1 1726.34
5933.26 1729.62
5929.41 1732.9
5925.55 1736.18
5921.68 1739.46
5917.8 1742.73
5913.92 1746
5910.03 1749.27
5906.13 1752.54
5902.23 1755.8
5898.32 1759.06
5894.4 1762.33
5890.47 1765.58
5886.54 1768.84
5882.6 1772.09
5878.65 1775.35
5874.69 1778.59
5870.73 1781.84
5866.76 1785.09
5862.78 1788.33
5858.8 1791.57
5854.81 1794.81
5850.81 1798.05
5846.8 1801.28
5842.79 1804.51
5838.77 1807.74
