0 0.0200549
10 0.0143184
20 0.0120284
30 0.0108562
40 0.0101858
50 0.00976876
60 0.00948512
70 0.00927223
80 0.00909642
90 0.00893947
100 0.00879171
110 0.0086482
120 0.0085066
130 0.00836599
140 0.00822622
150 0.00808749
160 0.0079502
170 0.00781477
180 0.0076816
190 0.00755105
200 0.0074234
210 0.00729885
220 0.00717755
230 0.00705956
240 0.0069449
250 0.00683355
260 0.00672546
270 0.00662054
280 0.0065187
290 0.00641983
300 0.00632383
310 0.00623061
320 0.00614006
330 0.00605208
340 0.00596659
350 0.0058835
360 0.00580273
370 0.0057242
380 0.00564784
390 0.00557357
400 0.00550132
410 0.00543102
420 0.0053626
430 0.005296
440 0.00523114
450 0.00518072
460 0.00513067
470 0.00508104
480 0.00503187
490 0.0049832
500 0.00493504
510 0.00488743
520 0.0048404
530 0.00479395
540 0.00474811
550 0.0047029
560 0.00465831
570 0.00461437
580 0.00457109
590 0.00452845
600 0.00448648
610 0.00444518
620 0.00440454
630 0.00436457
640 0.00432527
650 0.00428664
660 0.00424867
670 0.00421136
680 0.00417471
690 0.00413872
700 0.00410337
710 0.00406866
720 0.00403459
730 0.00400114
740 0.00396831
750 0.00393609
760 0.00390448
770 0.00387346
780 0.00384302
790 0.00381921
800 0.00379566
810 0.00377239
820 0.00374939
830 0.00372667
840 0.00370424
850 0.00368209
860 0.00366024
870 0.00363869
880 0.00361744
890 0.00359651
900 0.00357588
910 0.00355557
920 0.00353558
930 0.00351591
940 0.00349657
950 0.00347755
960 0.00345887
970 0.00344051
980 0.00342248
990 0.00340478
1000 0.00338741
