0 65.8698
10 65.9578
20 66.0422
30 66.128
40 66.2113
50 66.2837
60 66.3323
70 66.3457
80 66.3152
90 66.2389
100 66.1202
110 65.9682
120 65.796
130 65.6149
140 65.4364
150 65.2674
160 65.1118
170 64.9688
180 64.8352
190 64.7058
200 64.5745
210 64.435
220 64.283
230 64.1152
240 63.9299
250 63.7273
260 63.5086
270 63.2765
280 63.0338
290 62.7834
300 62.5278
310 62.2695
320 62.0098
330 61.7491
340 61.4875
350 61.2242
360 60.9576
370 60.6863
380 60.4085
390 60.1226
400 59.8271
410 59.5208
420 59.2029
430 58.8733
440 58.532
450 57.9806
460 57.4539
470 56.9617
480 56.5109
490 56.1045
500 55.7419
510 55.4193
520 55.1299
530 54.8651
540 54.6148
550 54.368
560 54.1143
570 53.8434
580 53.5469
590 53.2179
600 52.8515
610 52.4449
620 51.9973
630 51.51
640 50.9863
650 50.4304
660 49.848
670 49.2459
680 48.6302
690 48.0078
700 47.3852
710 46.7679
720 46.161
730 45.5678
740 44.9914
750 44.4329
760 43.8926
770 43.3698
780 42.8626
790 42.5327
800 42.1973
810 41.8498
820 41.4842
830 41.0944
840 40.6754
850 40.2229
860 39.7332
870 39.2041
880 38.634
890 38.0226
900 37.3708
910 36.6804
920 35.9545
930 35.1971
940 34.4128
950 33.6075
960 32.7871
970 31.9583
980 31.1276
990 30.3014
1000 29.4862
