0 0.0283187
10 0.0202353
20 0.0170164
30 0.0153766
40 0.014447
50 0.0138765
60 0.0134954
70 0.013215
80 0.0129872
90 0.012786
100 0.0125975
110 0.0124142
120 0.0122327
130 0.0120514
140 0.01187
150 0.0116887
160 0.0115083
170 0.0113293
180 0.0111526
190 0.0109788
200 0.0108084
210 0.0106418
220 0.0104793
230 0.0103212
240 0.0101674
250 0.010018
260 0.00987293
270 0.00973197
280 0.00959501
290 0.0094619
300 0.00933247
310 0.00920656
320 0.00908404
330 0.00896479
340 0.00884868
350 0.0087356
360 0.00862547
370 0.00851821
380 0.00841371
390 0.0083119
400 0.00821271
410 0.00811603
420 0.00802178
430 0.00792987
440 0.0078402
450 0.00775224
460 0.00766713
470 0.00758464
480 0.00750454
490 0.00742667
500 0.00735085
510 0.00727694
520 0.00720481
530 0.00713436
540 0.00706549
550 0.0069981
560 0.00693213
570 0.0068675
580 0.00680415
590 0.00674201
600 0.00668105
610 0.00662121
620 0.00656244
630 0.00650472
640 0.00644799
650 0.00639223
660 0.00633741
670 0.00628348
680 0.00623043
690 0.00617823
700 0.00612684
710 0.00607623
720 0.00602639
730 0.00597727
740 0.00592888
750 0.00588117
760 0.00583412
770 0.00578772
780 0.00574194
790 0.00568202
800 0.00562397
810 0.00556765
820 0.00551293
830 0.0054597
840 0.00540787
850 0.00535733
860 0.00530801
870 0.00525984
880 0.00521275
890 0.00516669
900 0.00512159
910 0.00507741
920 0.00503411
930 0.00499164
940 0.00494996
950 0.00490903
960 0.00486883
970 0.00482932
980 0.00479046
990 0.00475223
1000 0.00471461
