0 0.0282742
10 0.020203
20 0.0169881
30 0.015349
40 0.0144176
50 0.0138433
60 0.0134564
70 0.0131684
80 0.0129318
90 0.0127209
100 0.0125224
110 0.0123294
120 0.0121389
130 0.0119498
140 0.011762
150 0.0115759
160 0.0113919
170 0.0112106
180 0.0110325
190 0.010858
200 0.0106874
210 0.0105208
220 0.0103585
230 0.0102005
240 0.0100468
250 0.0098974
260 0.00975222
270 0.00961121
280 0.00947425
290 0.00934123
300 0.00921205
310 0.00908657
320 0.00896465
330 0.00884617
340 0.008731
350 0.00861901
360 0.00851007
370 0.00840406
380 0.00830086
390 0.00820037
400 0.00810246
410 0.00800703
420 0.00791399
430 0.00782323
440 0.00773466
450 0.00765013
460 0.00756812
470 0.0074884
480 0.00741081
490 0.0073352
500 0.00726142
510 0.00718939
520 0.00711898
530 0.00705012
540 0.00698272
550 0.00691671
560 0.00685202
570 0.00678861
580 0.0067264
590 0.00666536
600 0.00660543
610 0.00654658
620 0.00648875
630 0.00643192
640 0.00637605
650 0.00632109
660 0.00626703
670 0.00621382
680 0.00616144
690 0.00610987
700 0.00605907
710 0.00600903
720 0.00595971
730 0.0059111
740 0.00586317
750 0.00581591
760 0.00576929
770 0.00572329
780 0.0056779
790 0.00561858
800 0.00556111
810 0.00550534
820 0.00545117
830 0.00539848
840 0.00534717
850 0.00529716
860 0.00524836
870 0.00520069
880 0.0051541
890 0.00510853
900 0.0050639
910 0.00502018
920 0.00497732
930 0.00493527
940 0.00489399
950 0.00485344
960 0.00481361
970 0.00477443
980 0.0047359
990 0.00469798
1000 0.00466065
