0 0.0180084
10 0.0128788
20 0.0108393
30 0.00980298
40 0.00921784
50 0.00886048
60 0.00862277
70 0.00844816
80 0.00830624
90 0.00818067
100 0.00806286
110 0.00794856
120 0.00783584
130 0.00772404
140 0.00761313
150 0.00750332
160 0.00739494
170 0.00728831
180 0.00718371
190 0.00708137
200 0.00698144
210 0.00688403
220 0.00678923
230 0.00669706
240 0.00660755
250 0.00652069
260 0.00643646
270 0.00635482
280 0.00627573
290 0.00619912
300 0.00612494
310 0.00605311
320 0.00598356
330 0.00591622
340 0.00585101
350 0.00578783
360 0.00572663
370 0.00566731
380 0.0056098
390 0.00555403
400 0.00549992
410 0.00544742
420 0.00539645
430 0.00534696
440 0.00529889
450 0.00527702
460 0.00525425
470 0.00523072
480 0.00520655
490 0.00518188
500 0.00515681
510 0.00513145
520 0.00510587
530 0.00508017
540 0.00505441
550 0.00502866
560 0.00500298
570 0.00497741
580 0.004952
590 0.00492679
600 0.00490181
610 0.00487708
620 0.00485263
630 0.00482848
640 0.00480465
650 0.00478115
660 0.004758
670 0.0047352
680 0.00471275
690 0.00469068
700 0.00466898
710 0.00464766
720 0.00462671
730 0.00460615
740 0.00458597
750 0.00456617
760 0.00454676
770 0.00452774
780 0.00450909
790 0.00450678
800 0.00450409
810 0.00450104
820 0.00449769
830 0.00449406
840 0.00449017
850 0.00448607
860 0.00448178
870 0.00447732
880 0.00447271
890 0.00446799
900 0.00446317
910 0.00445827
920 0.00445329
930 0.00444828
940 0.00444323
950 0.00443816
960 0.00443309
970 0.00442803
980 0.00442299
990 0.00441798
1000 0.00441301
