0 0.108714
10 0.107075
20 0.102777
30 0.0975068
40 0.0903321
50 0.082594
60 0.0738026
70 0.0627713
80 0.052081
90 0.0408949
100 0.0286122
110 0.0157549
120 0.00286386
130 -0.0114778
140 -0.0256408
150 -0.0399454
160 -0.0535947
170 -0.0680206
180 -0.0825578
190 -0.097192
200 -0.111973
210 -0.12869
220 -0.144928
230 -0.161348
240 -0.177405
250 -0.192993
260 -0.208457
270 -0.223932
280 -0.23939
290 -0.254803
300 -0.26977
310 -0.284659
320 -0.299702
330 -0.314493
340 -0.329177
350 -0.344295
360 -0.359464
370 -0.37476
380 -0.390251
390 -0.405616
400 -0.421231
410 -0.437133
420 -0.452911
430 -0.468528
440 -0.4845
450 -0.500521
460 -0.516614
470 -0.532948
480 -0.549359
490 -0.565748
500 -0.58242
510 -0.599032
520 -0.615714
530 -0.632473
540 -0.649451
550 -0.666326
560 -0.683537
570 -0.700962
580 -0.718395
590 -0.736086
600 -0.754001
610 -0.772108
620 -0.7904
630 -0.808687
640 -0.827157
650 -0.845793
660 -0.864588
670 -0.883386
680 -0.902188
690 -0.921234
700 -0.940236
710 -0.959439
720 -0.978628
730 -0.997936
740 -1.0173
750 -1.03674
760 -1.05632
770 -1.07597
780 -1.09562
790 -1.11538
800 -1.13538
810 -1.15539
820 -1.17551
830 -1.19575
840 -1.21594
850 -1.23636
860 -1.25684
870 -1.27729
880 -1.29797
890 -1.31858
900 -1.33927
910 -1.35977
920 -1.38037
930 -1.40107
940 -1.42158
950 -1.44223
960 -1.46303
970 -1.48377
980 -1.50452
990 -1.52525
1000 -1.54604
