0 0.0200033
10 0.0142814
20 0.0119971
30 0.0108271
40 0.0101574
50 0.00973981
60 0.00945471
70 0.00923964
80 0.0090611
90 0.00890111
100 0.00875021
110 0.00860367
120 0.00845932
130 0.00831639
140 0.0081748
150 0.00803477
160 0.00789666
170 0.00776082
180 0.00762758
190 0.0074972
200 0.00736988
210 0.00724574
220 0.00712486
230 0.0070073
240 0.00689305
250 0.00678208
260 0.00667435
270 0.00656978
280 0.00646831
290 0.00636984
300 0.0062743
310 0.00618157
320 0.00609157
330 0.0060042
340 0.00591937
350 0.00583698
360 0.00575694
370 0.00567916
380 0.00560356
390 0.00553006
400 0.00545857
410 0.00538902
420 0.00532134
430 0.00525546
440 0.00519132
450 0.00514153
460 0.00509211
470 0.00504311
480 0.00499455
490 0.00494647
500 0.00489891
510 0.00485189
520 0.00480543
530 0.00475956
540 0.00471431
550 0.00466968
560 0.00462568
570 0.00458234
580 0.00453965
590 0.00449763
600 0.00445628
610 0.0044156
620 0.0043756
630 0.00433626
640 0.0042976
650 0.0042596
660 0.00422227
670 0.00418561
680 0.00414959
690 0.00411423
700 0.0040795
710 0.00404542
720 0.00401197
730 0.00397914
740 0.00394692
750 0.00391532
760 0.00388431
770 0.0038539
780 0.00382407
790 0.00380102
800 0.00377822
810 0.00375569
820 0.00373344
830 0.00371146
840 0.00368977
850 0.00366837
860 0.00364726
870 0.00362646
880 0.00360595
890 0.00358575
900 0.00356586
910 0.00354629
920 0.00352702
930 0.00350808
940 0.00348945
950 0.00347114
960 0.00345315
970 0.00343548
980 0.00341813
990 0.0034011
1000 0.0033844
