6870.99 13
6870.97 19.5
6870.95 26
6870.92 32.4999
6870.87 38.9998
6870.82 45.4997
6870.76 51.9995
6870.7 58.4993
6870.62 64.999
6870.54 71.4987
6870.44 77.9982
6870.34 84.4977
6870.23 90.9971
6870.11 97.4964
6869.99 103.996
6869.85 110.495
6869.71 116.993
6869.56 123.492
6869.4 129.991
6869.23 136.489
6869.05 142.988
6868.86 149.486
6868.67 155.984
6868.47 162.482
6868.26 168.979
6868.04 175.477
6867.81 181.974
6867.57 188.471
6867.33 194.968
6867.07 201.464
6866.81 207.96
6866.54 214.456
6866.26 220.952
6865.98 227.448
6865.68 233.943
6865.38 240.438
6865.07 246.933
6864.74 253.427
6864.42 259.921
6864.08 266.415
6863.73 272.908
6863.38 279.401
6863.01 285.894
6862.64 292.387
6862.26 298.879
6861.88 305.371
6861.48 311.862
6861.07 318.353
6860.66 324.843
6860.24 331.334
6859.81 337.823
6859.37 344.313
6858.92 350.802
6858.47 357.29
6858 363.779
6857.53 370.266
6857.05 376.754
6856.56 383.24
6856.06 389.727
6855.56 396.213
6855.04 402.698
6854.52 409.183
6853.99 415.667
6853.45 422.151
6852.9 428.635
6852.34 435.117
6851.78 441.6
6851.2 448.082
6850.62 454.563
6850.03 461.044
6849.43 467.524
6848.82 474.003
6848.21 480.482
6847.58 486.961
6846.95 493.439
6846.31 499.916
6845.66 506.393
6845 512.869
6844.34 519.344
6843.66 525.819
6842.98 532.293
6842.29 538.766
6841.59 545.239
6840.88 551.711
6840.16 558.183
6839.44 564.654
6838.7 571.124
6837.96 577.593
6837.21 584.062
6836.45 590.53
6835.69 596.997
6834.91 603.464
6834.13 609.93
6833.33 616.395
6832.53 622.859
6831.73 629.323
6830.91 635.786
6830.08 642.248
6829.25 648.709
6828.4 655.17
6827.55 661.629
6826.69 668.088
6825.83 674.546
6824.95 681.004
6824.07 687.46
6823.17 693.916
6822.27 700.371
6821.36 706.824
6820.44 713.278
6819.52 719.73
6818.58 726.181
6817.64 732.631
6816.69 739.081
6815.73 745.529
6814.76 751.977
6813.78 758.424
6812.8 764.87
6811.8 771.315
6810.8 777.759
6809.79 784.202
6808.77 790.644
6807.74 797.085
6806.71 803.525
6805.67 809.964
6804.61 816.402
6803.55 822.84
6802.48 829.276
6801.41 835.711
6800.32 842.145
6799.23 848.578
6798.12 855.01
6797.01 861.441
6795.89 867.871
6794.77 874.3
6793.63 880.728
6792.49 887.155
6791.33 893.581
6790.17 900.005
6789 906.429
6787.83 912.851
6786.64 919.273
6785.45 925.693
6784.24 932.112
6783.03 938.53
6781.81 944.946
6780.59 951.362
6779.35 957.776
6778.11 964.19
6776.85 970.602
6775.59 977.013
6774.32 983.422
6773.05 989.831
6771.76 996.238
6770.46 1002.64
6769.16 1009.05
6767.85 1015.45
6766.53 1021.86
6765.2 1028.26
6763.87 1034.66
6762.52 1041.05
6761.17 1047.45
6759.81 1053.85
6758.44 1060.24
6757.06 1066.64
6755.68 1073.03
6754.28 1079.42
6752.88 1085.81
6751.47 1092.2
6750.05 1098.58
6748.62 1104.97
6747.19 1111.35
6745.75 1117.74
6744.29 1124.12
6742.83 1130.5
6741.36 1136.88
6739.89 1143.25
6738.4 1149.63
6736.91 1156
6735.41 1162.38
6733.9 1168.75
6732.38 1175.12
6730.85 1181.49
6729.32 1187.86
6727.77 1194.22
6726.22 1200.59
6724.66 1206.95
6723.09 1213.31
6721.52 1219.67
6719.93 1226.03
6718.34 1232.39
6716.74 1238.74
6715.13 1245.1
6713.51 1251.45
6711.88 1257.8
6710.25 1264.15
6708.61 1270.5
6706.96 1276.84
6705.3 1283.19
6703.63 1289.53
6701.95 1295.87
6700.27 1302.21
6698.58 1308.55
6696.88 1314.89
6695.17 1321.22
6693.45 1327.56
6691.73 1333.89
6689.99 1340.22
6688.25 1346.55
6686.5 1352.87
6684.74 1359.2
6682.98 1365.52
6681.2 1371.85
6679.42 1378.17
6677.63 1384.48
6675.83 1390.8
6674.02 1397.12
6672.21 1403.43
6670.38 1409.74
6668.55 1416.05
6666.71 1422.36
6664.86 1428.67
6663.01 1434.97
6661.14 1441.28
6659.27 1447.58
6657.39 1453.88
6655.5 1460.17
6653.6 1466.47
6651.69 1472.76
6649.78 1479.06
6647.86 1485.35
6645.93 1491.64
6643.99 1497.92
6642.04 1504.21
6640.09 1510.49
6638.12 1516.77
6636.15 1523.05
6634.17 1529.33
6632.19 1535.61
6630.19 1541.88
6628.19 1548.15
6626.17 1554.42
6624.15 1560.69
6622.13 1566.96
6620.09 1573.22
6618.04 1579.48
6615.99 1585.74
6613.93 1592
6611.86 1598.26
6609.78 1604.51
6607.7 1610.77
6605.6 1617.02
6603.5 1623.27
6601.39 1629.51
6599.27 1635.76
6597.15 1642
6595.01 1648.24
6592.87 1654.48
6590.72 1660.72
6588.56 1666.95
6586.4 1673.18
6584.22 1679.41
6582.04 1685.64
6579.85 1691.87
6577.65 1698.09
6575.44 1704.32
6573.23 1710.54
6571 1716.75
6568.77 1722.97
6566.53 1729.18
6564.28 1735.4
6562.03 1741.61
6559.76 1747.81
6557.49 1754.02
6555.21 1760.22
6552.92 1766.42
6550.63 1772.62
6548.32 1778.82
6546.01 1785.01
6543.69 1791.2
6541.36 1797.4
6539.02 1803.58
6536.68 1809.77
6534.33 1815.95
6531.97 1822.13
6529.6 1828.31
6527.22 1834.49
6524.84 1840.66
6522.44 1846.84
6520.04 1853.01
6517.63 1859.17
6515.22 1865.34
6512.79 1871.5
6510.36 1877.66
6507.92 1883.82
6505.47 1889.98
6503.01 1896.13
6500.54 1902.28
6498.07 1908.43
6495.59 1914.58
6493.1 1920.72
6490.6 1926.86
6488.1 1933
6485.58 1939.14
6483.06 1945.28
6480.53 1951.41
6478 1957.54
6475.45 1963.67
6472.9 1969.79
6470.34 1975.92
6467.77 1982.04
6465.19 1988.15
6462.61 1994.27
6460.01 2000.38
6457.41 2006.49
6454.8 2012.6
6452.19 2018.71
6449.56 2024.81
6446.93 2030.91
6444.29 2037.01
6441.64 2043.11
6438.98 2049.2
6436.32 2055.29
6433.64 2061.38
6430.96 2067.47
6428.27 2073.55
6425.58 2079.63
6422.87 2085.71
6420.16 2091.78
6417.44 2097.86
6414.71 2103.93
6411.98 2109.99
6409.23 2116.06
6406.48 2122.12
6403.72 2128.18
6400.95 2134.24
6398.18 2140.29
6395.39 2146.35
6392.6 2152.4
6389.8 2158.44
6387 2164.49
6384.18 2170.53
6381.36 2176.57
6378.53 2182.6
6375.69 2188.64
6372.84 2194.67
6369.99 2200.69
6367.12 2206.72
6364.25 2212.74
6361.38 2218.76
6358.49 2224.78
6355.6 2230.79
6352.7 2236.81
6349.79 2242.82
6346.87 2248.82
6343.94 2254.82
6341.01 2260.83
6338.07 2266.82
6335.12 2272.82
6332.16 2278.81
6329.2 2284.8
6326.23 2290.79
6323.25 2296.77
6320.26 2302.75
6317.26 2308.73
6314.26 2314.71
6311.25 2320.68
6308.23 2326.65
6305.2 2332.61
6302.17 2338.58
6299.13 2344.54
6296.08 2350.5
6293.02 2356.45
6289.95 2362.4
6286.88 2368.35
6283.8 2374.3
6280.71 2380.24
6277.61 2386.18
6274.51 2392.12
6271.4 2398.06
6268.28 2403.99
6265.15 2409.92
6262.01 2415.84
6258.87 2421.77
6255.72 2427.69
6252.56 2433.6
6249.39 2439.52
6246.22 2445.43
6243.04 2451.34
6239.85 2457.24
6236.65 2463.14
6233.45 2469.04
6230.23 2474.94
6227.01 2480.83
6223.78 2486.72
6220.55 2492.61
6217.31 2498.49
6214.05 2504.37
6210.8 2510.25
6207.53 2516.12
6204.25 2521.99
6200.97 2527.86
6197.68 2533.73
6194.39 2539.59
6191.08 2545.45
6187.77 2551.3
6184.45 2557.15
6181.12 2563
6177.79 2568.85
6174.44 2574.69
6171.09 2580.53
6167.73 2586.37
6164.37 2592.2
6160.99 2598.03
6157.61 2603.86
6154.22 2609.68
6150.83 2615.5
6147.42 2621.32
6144.01 2627.13
6140.59 2632.94
6137.16 2638.75
6133.73 2644.56
6130.29 2650.36
6126.84 2656.16
6123.38 2661.95
6119.92 2667.74
6116.44 2673.53
6112.96 2679.31
6109.48 2685.09
6105.98 2690.87
6102.48 2696.65
6098.97 2702.42
6095.45 2708.19
6091.93 2713.95
6088.39 2719.71
6084.85 2725.47
6081.31 2731.23
6077.75 2736.98
6074.19 2742.72
6070.62 2748.47
6067.04 2754.21
6063.45 2759.95
6059.86 2765.68
6056.26 2771.41
6052.65 2777.14
6049.04 2782.86
6045.41 2788.58
6041.78 2794.3
6038.14 2800.01
6034.5 2805.72
6030.85 2811.43
6027.18 2817.13
6023.52 2822.83
6019.84 2828.53
6016.16 2834.22
6012.47 2839.91
6008.77 2845.6
6005.07 2851.28
6001.35 2856.96
5997.63 2862.63
5993.91 2868.31
5990.17 2873.97
5986.43 2879.64
5982.68 2885.3
5978.92 2890.96
5975.16 2896.61
5971.38 2902.26
5967.61 2907.91
5963.82 2913.55
5960.02 2919.19
5956.22 2924.83
5952.41 2930.46
5948.6 2936.09
5944.77 2941.71
5940.94 2947.33
5937.1 2952.95
5933.26 2958.57
5929.41 2964.18
5925.55 2969.78
5921.68 2975.39
5917.8 2980.99
5913.92 2986.58
5910.03 2992.17
5906.13 2997.76
5902.23 3003.35
5898.32 3008.93
5894.4 3014.5
5890.47 3020.08
5886.54 3025.65
5882.6 3031.21
5878.65 3036.78
5874.69 3042.33
5870.73 3047.89
5866.76 3053.44
5862.78 3058.99
5858.8 3064.53
5854.81 3070.07
5850.81 3075.61
5846.8 3081.14
5842.79 3086.67
5838.77 3092.19
