0 0.0180265
10 0.0128919
20 0.0108505
30 0.0098135
40 0.00922831
50 0.00887137
60 0.00863446
70 0.00846096
80 0.0083204
90 0.00819632
100 0.00808007
110 0.00796728
120 0.00785595
130 0.00774536
140 0.00763542
150 0.00752637
160 0.00741854
170 0.00731227
180 0.00720788
190 0.00710563
200 0.00700572
210 0.0069083
220 0.00681348
230 0.00672129
240 0.00663178
250 0.00654493
260 0.00646072
270 0.00637911
280 0.00630004
290 0.00622344
300 0.00614925
310 0.0060774
320 0.00600781
330 0.00594039
340 0.00587508
350 0.00581179
360 0.00575046
370 0.005691
380 0.00563336
390 0.00557745
400 0.00552322
410 0.0054706
420 0.00541953
430 0.00536995
440 0.00532181
450 0.00529982
460 0.00527696
470 0.00525337
480 0.00522917
490 0.00520449
500 0.00517944
510 0.0051541
520 0.00512856
530 0.00510291
540 0.00507722
550 0.00505154
560 0.00502592
570 0.00500043
580 0.00497509
590 0.00494995
600 0.00492504
610 0.00490039
620 0.00487601
630 0.00485195
640 0.0048282
650 0.00480479
660 0.00478172
670 0.00475902
680 0.00473669
690 0.00471473
700 0.00469316
710 0.00467197
720 0.00465117
730 0.00463077
740 0.00461076
750 0.00459115
760 0.00457193
770 0.0045531
780 0.00453467
790 0.0045329
800 0.00453073
810 0.00452821
820 0.00452537
830 0.00452223
840 0.00451883
850 0.0045152
860 0.00451137
870 0.00450735
880 0.00450318
890 0.00449888
900 0.00449447
910 0.00448997
920 0.00448539
930 0.00448077
940 0.00447611
950 0.00447143
960 0.00446674
970 0.00446206
980 0.00445739
990 0.00445277
1000 0.00444818
