0 0.0228761
10 0.0145259
20 0.011003
30 0.00978441
40 0.0100406
50 0.0105698
60 0.0113711
70 0.0123186
80 0.0134003
90 0.0137248
100 0.0145786
110 0.0155764
120 0.0159925
130 0.0165287
140 0.0173157
150 0.0179285
160 0.0180186
170 0.0183755
180 0.0186762
190 0.0189807
200 0.019412
210 0.0199436
220 0.0199861
230 0.0202086
240 0.0203085
250 0.0202225
260 0.020456
270 0.0204887
280 0.0204136
290 0.0206341
300 0.0205232
310 0.0205842
320 0.0205735
330 0.0203523
340 0.0204248
350 0.0204889
360 0.0204064
370 0.0202066
380 0.0201725
390 0.0198802
400 0.0199072
410 0.0196806
420 0.0195868
430 0.0194192
440 0.0193168
450 0.0159817
460 0.0161109
470 0.015982
480 0.0160257
490 0.0157505
500 0.0157648
510 0.015721
520 0.0154308
530 0.0154928
540 0.0153725
550 0.0150915
560 0.0151668
570 0.0149562
580 0.0147013
590 0.0145257
600 0.0142909
610 0.0139904
620 0.0137825
630 0.0135774
640 0.0133162
650 0.0131183
660 0.0127094
670 0.0124872
680 0.0122272
690 0.0118308
700 0.0115841
710 0.0112886
720 0.0110552
730 0.0107365
740 0.0103527
750 0.0100377
760 0.00964457
770 0.00926607
780 0.00890661
790 0.00946562
800 0.00902501
810 0.00854731
820 0.00806314
830 0.00758705
840 0.00723524
850 0.00664685
860 0.00620657
870 0.00567583
880 0.00523698
890 0.00465344
900 0.00423994
910 0.00367777
920 0.00325886
930 0.00271
940 0.00217984
950 0.00175945
960 0.00129318
970 0.000744249
980 0.000281199
990 -0.000194136
1000 -0.000803696
