0 -0.214354
10 -0.216551
20 -0.215534
30 -0.213121
40 -0.20952
50 -0.204946
60 -0.198092
70 -0.190505
80 -0.182182
90 -0.17308
100 -0.162912
110 -0.152136
120 -0.14065
130 -0.128167
140 -0.115039
150 -0.10265
160 -0.0900905
170 -0.0771169
180 -0.0647546
190 -0.0522325
200 -0.0395735
210 -0.0270513
220 -0.0146726
230 -0.0022375
240 0.00952784
250 0.0217315
260 0.0335801
270 0.0459631
280 0.0582394
290 0.0706847
300 0.0825534
310 0.0947153
320 0.107025
330 0.119349
340 0.131425
350 0.143475
360 0.155425
370 0.167477
380 0.179561
390 0.19169
400 0.20403
410 0.216252
420 0.228239
430 0.240647
440 0.25325
450 0.265693
460 0.278142
470 0.290684
480 0.303344
490 0.315981
500 0.328725
510 0.341737
520 0.354756
530 0.368026
540 0.381412
550 0.394865
560 0.408337
570 0.422109
580 0.435634
590 0.449383
600 0.463176
610 0.476999
620 0.491289
630 0.505627
640 0.52
650 0.534709
660 0.549341
670 0.564207
680 0.579084
690 0.593829
700 0.608649
710 0.623608
720 0.638671
730 0.653905
740 0.669057
750 0.684431
760 0.699849
770 0.715503
780 0.731257
790 0.747217
800 0.763226
810 0.779352
820 0.795597
830 0.811877
840 0.828317
850 0.844706
860 0.861179
870 0.87762
880 0.894095
890 0.910687
900 0.927327
910 0.943952
920 0.960699
930 0.977492
940 0.994364
950 1.01143
960 1.0286
970 1.04578
980 1.06308
990 1.08037
1000 1.09763
