0 0.0386578
10 0.0390463
20 0.0399256
30 0.0409489
40 0.0420588
50 0.0424525
60 0.042664
70 0.043133
80 0.0425564
90 0.0414857
100 0.0411122
110 0.040133
120 0.0388725
130 0.0381181
140 0.0371769
150 0.036105
160 0.0351263
170 0.0342207
180 0.033019
190 0.031894
200 0.0306356
210 0.0298642
220 0.0288619
230 0.0280461
240 0.0272573
250 0.0260656
260 0.0246624
270 0.0233619
280 0.0220156
290 0.0206865
300 0.019403
310 0.0178215
320 0.0162653
330 0.0143981
340 0.0127327
350 0.0109767
360 0.00930526
370 0.00753094
380 0.00587758
390 0.00413933
400 0.00244347
410 0.000868796
420 -0.000941755
430 -0.00270268
440 -0.00436834
450 -0.00618178
460 -0.00808359
470 -0.00989293
480 -0.0117367
490 -0.0135921
500 -0.0155703
510 -0.0176209
520 -0.0197133
530 -0.0217749
540 -0.0239116
550 -0.0262588
560 -0.0285691
570 -0.0308813
580 -0.0333039
590 -0.0356599
600 -0.0379771
610 -0.0402844
620 -0.0426427
630 -0.0451611
640 -0.0477544
650 -0.0503291
660 -0.0529534
670 -0.055791
680 -0.0587731
690 -0.0617704
700 -0.0649306
710 -0.0681139
720 -0.0715315
730 -0.0749291
740 -0.0785116
750 -0.0821753
760 -0.0858648
770 -0.0897662
780 -0.0937595
790 -0.0979224
800 -0.102098
810 -0.106388
820 -0.11083
830 -0.115353
840 -0.120068
850 -0.124735
860 -0.1296
870 -0.13462
880 -0.139756
890 -0.144991
900 -0.150359
910 -0.155992
920 -0.161779
930 -0.167591
940 -0.173719
950 -0.179942
960 -0.186286
970 -0.192724
980 -0.199387
990 -0.206199
1000 -0.213143
