0 -0.251953
10 -0.00892901
20 -0.163691
30 -0.143799
40 -0.170581
50 -0.114615
60 -0.111842
70 0.150851
80 0.163817
90 0.523892
100 0.441893
110 0.343928
120 0.409402
130 0.388865
140 0.214379
150 -0.0996301
160 -0.16984
170 -0.154806
180 -0.189745
190 -0.0252536
200 -0.0721561
210 -0.418095
220 -0.647909
230 -0.875361
240 -0.740486
250 -0.514929
260 -0.32761
270 -0.100275
280 -0.239204
290 -0.273404
300 -0.359116
310 -0.491045
320 -0.214736
330 -0.354825
340 -0.379098
350 -0.485131
360 -0.345999
370 -0.370806
380 -0.397129
390 -0.55935
400 -0.693829
410 -0.463653
420 -0.618237
430 -0.659705
440 -0.732486
450 -0.75508
460 -0.682205
470 -1.02329
480 -0.931187
490 -1.08071
