0 0.0180265
10 0.0128919
20 0.0108505
30 0.00981349
40 0.00922831
50 0.00887136
60 0.00863445
70 0.00846096
80 0.00832039
90 0.00819632
100 0.00808006
110 0.00796727
120 0.00785594
130 0.00774535
140 0.00763542
150 0.00752637
160 0.00741853
170 0.00731226
180 0.00720787
190 0.00710562
200 0.00700572
210 0.0069083
220 0.00681347
230 0.00672129
240 0.00663178
250 0.00654493
260 0.00646072
270 0.00637911
280 0.00630003
290 0.00622344
300 0.00614925
310 0.00607739
320 0.0060078
330 0.00594038
340 0.00587507
350 0.00581179
360 0.00575045
370 0.005691
380 0.00563335
390 0.00557745
400 0.00552322
410 0.0054706
420 0.00541952
430 0.00536995
440 0.00532181
450 0.00529982
460 0.00527696
470 0.00525336
480 0.00522916
490 0.00520448
500 0.00517943
510 0.00515409
520 0.00512855
530 0.00510291
540 0.00507721
550 0.00505153
560 0.00502591
570 0.00500042
580 0.00497508
590 0.00494994
600 0.00492503
610 0.00490038
620 0.004876
630 0.00485193
640 0.00482818
650 0.00480477
660 0.00478171
670 0.00475901
680 0.00473667
690 0.00471472
700 0.00469314
710 0.00467196
720 0.00465116
730 0.00463075
740 0.00461074
750 0.00459113
760 0.00457191
770 0.00455309
780 0.00453466
790 0.00453288
800 0.00453072
810 0.0045282
820 0.00452535
830 0.00452222
840 0.00451882
850 0.00451519
860 0.00451135
870 0.00450734
880 0.00450317
890 0.00449887
900 0.00449445
910 0.00448995
920 0.00448537
930 0.00448075
940 0.00447608
950 0.0044714
960 0.00446671
970 0.00446202
980 0.00445736
990 0.00445274
1000 0.00444815
