0 0.035099
10 0.0357624
20 0.0369407
30 0.0386376
40 0.0413891
50 0.0462301
60 0.0520033
70 0.0591427
80 0.067325
90 0.076426
100 0.0858536
110 0.0962298
120 0.107179
130 0.118032
140 0.128248
150 0.13963
160 0.151116
170 0.162279
180 0.173749
190 0.185212
200 0.196726
210 0.208264
220 0.219852
230 0.231635
240 0.243319
250 0.254941
260 0.266573
270 0.277794
280 0.288991
290 0.300148
300 0.311399
310 0.322515
320 0.333534
330 0.344485
340 0.355463
350 0.366431
360 0.377418
370 0.38832
380 0.399065
390 0.409902
400 0.420533
410 0.431119
420 0.441918
430 0.452472
440 0.462832
450 0.473364
460 0.483926
470 0.494449
480 0.504817
490 0.515218
500 0.525464
510 0.535591
520 0.545747
530 0.555707
540 0.565644
550 0.575583
560 0.585507
570 0.595237
580 0.605167
590 0.614863
600 0.624572
610 0.634331
620 0.643756
630 0.65327
640 0.662727
650 0.672086
660 0.681572
670 0.691085
680 0.700546
690 0.710005
700 0.71952
710 0.728942
720 0.738472
730 0.747904
740 0.757271
750 0.766683
760 0.776053
770 0.785324
780 0.794584
790 0.803898
800 0.813297
810 0.822609
820 0.832036
830 0.841385
840 0.85069
850 0.860036
860 0.869395
870 0.878814
880 0.888324
890 0.897852
900 0.907354
910 0.91688
920 0.926429
930 0.935981
940 0.94548
950 0.955036
960 0.964692
970 0.974199
980 0.983775
990 0.993427
1000 1.00311
