6870.16 76 130
6868.47 113.995 194.992
6865.94 151.981 259.968
6862.56 189.953 324.92
6858.34 227.907 389.84
6853.28 265.837 454.721
6847.38 303.739 519.553
6840.63 341.608 584.33
6833.05 379.44 649.042
6824.62 417.23 713.684
6815.36 454.974 778.245
6805.26 492.667 842.719
6794.32 530.303 907.098
6782.55 567.879 971.373
6769.94 605.391 1035.54
6756.51 642.832 1099.58
6742.24 680.199 1163.5
6727.15 717.488 1227.28
6711.22 754.693 1290.92
6694.48 791.81 1354.41
6676.91 828.834 1417.74
6658.52 865.762 1480.91
6639.31 902.587 1543.9
6619.28 939.307 1606.71
6598.44 975.916 1669.33
6576.79 1012.41 1731.75
6554.33 1048.78 1793.97
6531.06 1085.03 1855.98
6506.99 1121.16 1917.77
6482.12 1157.14 1979.32
6456.45 1192.99 2040.65
6429.98 1228.7 2101.73
6402.73 1264.27 2162.56
6374.68 1299.68 2223.13
6345.85 1334.93 2283.44
6316.24 1370.03 2343.48
6285.85 1404.97 2403.23
6254.68 1439.73 2462.7
6222.75 1474.32 2521.87
6190.04 1508.74 2580.74
6156.57 1542.98 2639.3
6122.35 1577.03 2697.55
6087.37 1610.89 2755.47
6051.63 1644.56 2813.06
6015.15 1678.03 2870.31
5977.93 1711.29 2927.21
5939.96 1744.36 2983.77
5901.27 1777.21 3039.96
5861.84 1809.85 3095.79
5821.69 1842.27 3151.24
5780.82 1874.46 3206.32
5739.23 1906.43 3261
5696.93 1938.17 3315.3
5653.93 1969.68 3369.19
5610.23 2000.95 3422.67
5565.83 2031.97 3475.74
5520.75 2062.75 3528.39
5474.97 2093.28 3580.62
5428.52 2123.56 3632.4
5381.4 2153.58 3683.75
5333.61 2183.34 3734.65
5285.15 2212.83 3785.1
5236.04 2242.05 3835.09
5186.28 2271 3884.61
5135.88 2299.68 3933.66
5084.83 2328.07 3982.23
5033.16 2356.19 4030.32
4980.85 2384.01 4077.92
4927.93 2411.55 4125.02
4874.4 2438.79 4171.61
4820.25 2465.73 4217.7
4765.51 2492.38 4263.28
4710.17 2518.72 4308.33
4654.24 2544.75 4352.86
4597.73 2570.47 4396.86
4540.65 2595.88 4440.32
4483 2620.97 4483.24
4424.79 2645.74 4525.61
4366.03 2670.19 4567.43
4306.72 2694.31 4608.68
4246.87 2718.1 4649.38
4186.49 2741.56 4689.5
4125.58 2764.68 4729.05
4064.16 2787.46 4768.02
4002.22 2809.9 4806.41
3939.79 2832 4844.21
3876.86 2853.75 4881.41
3813.44 2875.15 4918.01
3749.54 2896.19 4954.01
3685.18 2916.88 4989.4
3620.34 2937.21 5024.18
3555.05 2957.18 5058.34
3489.32 2976.79 5091.88
3423.14 2996.03 5124.79
3356.53 3014.9 5157.07
3289.5 3033.41 5188.72
3222.05 3051.53 5219.73
3154.19 3069.29 5250.09
3085.93 3086.66 5279.81
3017.29 3103.65 5308.88
2948.26 3120.26 5337.29
2878.85 3136.49 5365.04
2809.08 3152.33 5392.14
2738.96 3167.77 5418.56
2668.48 3182.83 5444.32
2597.66 3197.5 5469.4
2526.52 3211.77 5493.81
2455.05 3225.64 5517.54
2383.26 3239.11 5540.59
2311.18 3252.19 5562.95
2238.79 3264.86 5584.62
2166.12 3277.12 5605.61
2093.17 3288.99 5625.9
2019.95 3300.44 5645.49
1946.47 3311.48 5664.38
1872.74 3322.12 5682.57
1798.77 3332.34 5700.06
1724.57 3342.15 5716.84
1650.14 3351.55 5732.91
1575.5 3360.53 5748.27
1500.65 3369.09 5762.92
1425.6 3377.23 5776.85
1350.37 3384.96 5790.06
1274.96 3392.26 5802.56
1199.39 3399.15 5814.33
1123.65 3405.61 5825.38
1047.77 3411.65 5835.71
971.741 3417.26 5845.31
895.586 3422.45 5854.19
819.31 3427.21 5862.34
742.922 3431.55 5869.76
666.432 3435.46 5876.45
589.85 3438.94 5882.4
513.185 3442 5887.63
436.446 3444.63 5892.12
359.643 3446.82 5895.88
282.786 3448.59 5898.91
205.884 3449.93 5901.2
128.947 3450.84 5902.75
51.9837 3451.32 5903.57
-24.9953 3451.37 5903.65
-101.981 3450.99 5903
-178.963 3450.17 5901.61
-255.933 3448.93 5899.49
-332.88 3447.26 5896.63
-409.796 3445.16 5893.04
-486.669 3442.63 5888.71
-563.492 3439.67 5883.64
-640.255 3436.28 5877.85
-716.947 3432.46 5871.31
-793.559 3428.22 5864.05
-870.082 3423.54 5856.06
-946.505 3418.44 5847.33
-1022.82 3412.91 5837.87
-1099.02 3406.96 5827.69
-1175.09 3400.58 5816.78
-1251.02 3393.77 5805.14
-1326.81 3386.55 5792.78
-1402.44 3378.9 5779.69
-1477.91 3370.82 5765.88
-1553.2 3362.33 5751.35
-1628.3 3353.42 5736.11
-1703.22 3344.09 5720.15
-1777.93 3334.34 5703.47
-1852.43 3324.17 5686.08
-1926.7 3313.59 5667.99
-2000.75 3302.6 5649.18
-2074.56 3291.19 5629.67
-2148.12 3279.38 5609.46
-2221.42 3267.15 5588.54
-2294.45 3254.52 5566.93
-2367.21 3241.48 5544.63
-2439.68 3228.03 5521.63
-2511.86 3214.18 5497.94
-2583.73 3199.93 5473.57
-2655.29 3185.29 5448.51
-2726.53 3170.24 5422.78
-2797.45 3154.8 5396.36
-2868.02 3138.96 5369.28
-2938.25 3122.74 5341.52
-3008.12 3106.12 5313.1
-3077.62 3089.12 5284.02
-3146.75 3071.73 5254.27
-3215.51 3053.96 5223.88
-3283.87 3035.81 5192.83
-3351.83 3017.28 5161.13
-3419.39 2998.37 5128.79
-3486.53 2979.09 5095.81
-3553.25 2959.44 5062.2
-3619.53 2939.42 5027.96
-3685.38 2919.04 4993.09
-3750.78 2898.29 4957.6
-3815.72 2877.18 4921.49
-3880.21 2855.71 4884.77
-3944.22 2833.89 4847.44
-4007.75 2811.71 4809.51
-4070.79 2789.19 4770.98
-4133.34 2766.32 4731.86
-4195.39 2743.1 4692.15
-4256.93 2719.55 4651.85
-4317.95 2695.65 4610.98
-4378.45 2671.42 4569.54
-4438.42 2646.86 4527.53
-4497.85 2621.98 4484.95
-4556.73 2596.76 4441.82
-4615.06 2571.23 4398.14
-4672.83 2545.37 4353.92
-4730.04 2519.2 4309.15
-4786.67 2492.72 4263.85
-4842.72 2465.93 4218.03
-4898.19 2438.83 4171.68
-4953.06 2411.43 4124.81
-5007.34 2383.73 4077.43
-5061.01 2355.74 4029.55
-5114.06 2327.46 3981.17
-5166.5 2298.89 3932.3
-5218.31 2270.03 3882.94
-5269.5 2240.9 3833.11
-5320.04 2211.48 3782.8
-5369.95 2181.8 3732.02
-5419.21 2151.84 3680.78
-5467.81 2121.62 3629.09
-5515.76 2091.14 3576.95
-5563.04 2060.4 3524.37
-5609.65 2029.41 3471.35
-5655.58 1998.17 3417.91
-5700.84 1966.68 3364.05
-5745.41 1934.94 3309.77
-5789.29 1902.97 3255.09
-5832.48 1870.77 3200
-5874.97 1838.34 3144.52
-5916.75 1805.68 3088.66
-5957.82 1772.8 3032.41
-5998.18 1739.7 2975.8
-6037.82 1706.39 2918.81
-6076.74 1672.86 2861.47
-6114.94 1639.14 2803.78
-6152.4 1605.21 2745.75
-6189.13 1571.08 2687.38
-6225.12 1536.76 2628.67
-6260.37 1502.26 2569.65
-6294.87 1467.57 2510.31
-6328.62 1432.7 2450.67
-6361.62 1397.65 2390.72
-6393.87 1362.44 2330.48
-6425.36 1327.05 2269.96
-6456.08 1291.51 2209.15
-6486.04 1255.8 2148.08
-6515.23 1219.95 2086.75
-6543.65 1183.94 2025.16
-6571.29 1147.79 1963.32
-6598.16 1111.49 1901.24
-6624.25 1075.07 1838.93
-6649.56 1038.51 1776.39
-6674.08 1001.82 1713.64
-6697.82 965.009 1650.67
-6720.77 928.081 1587.5
-6742.93 891.038 1524.14
-6764.3 853.887 1460.59
-6784.88 816.631 1396.87
-6804.66 779.274 1332.97
-6823.64 741.821 1268.9
-6841.82 704.277 1204.68
-6859.21 666.646 1140.31
-6875.79 628.933 1075.8
-6891.57 591.142 1011.16
-6906.55 553.277 946.393
-6920.72 515.343 881.506
-6934.09 477.344 816.509
-6946.65 439.286 751.409
-6958.41 401.172 686.214
-6969.36 363.007 620.932
-6979.5 324.796 555.571
-6988.84 286.542 490.137
-6997.36 248.251 424.639
-7005.08 209.927 359.085
-7011.99 171.574 293.481
-7018.1 133.197 227.836
-7023.39 94.8002 162.157
-7027.88 56.388 96.452
-7031.56 17.9649 30.7283
-7034.43 -20.4647 -35.0065
-7036.5 -58.8963 -100.745
-7037.76 -97.3256 -166.479
-7038.22 -135.748 -232.202
-7037.87 -174.16 -297.906
-7036.72 -212.556 -363.583
-7034.77 -250.932 -429.226
-7032.02 -289.284 -494.828
-7028.46 -327.607 -560.381
-7024.11 -365.898 -625.878
-7018.97 -404.151 -691.312
-7013.03 -442.363 -756.674
-7006.29 -480.529 -821.959
-6998.76 -518.646 -887.158
-6990.45 -556.708 -952.264
-6981.34 -594.712 -1017.27
-6971.45 -632.653 -1082.17
-6960.77 -670.527 -1146.96
-6949.32 -708.331 -1211.62
-6937.08 -746.059 -1276.15
-6924.06 -783.708 -1340.55
-6910.27 -821.274 -1404.81
-6895.71 -858.752 -1468.92
-6880.38 -896.139 -1532.87
-6864.28 -933.43 -1596.66
-6847.42 -970.622 -1660.28
-6829.79 -1007.71 -1723.72
-6811.41 -1044.69 -1786.97
-6792.27 -1081.56 -1850.04
-6772.38 -1118.31 -1912.91
-6751.74 -1154.95 -1975.57
-6730.35 -1191.46 -2038.02
-6708.22 -1227.84 -2100.26
-6685.35 -1264.1 -2162.27
-6661.75 -1300.22 -2224.05
-6637.41 -1336.2 -2285.6
-6612.35 -1372.03 -2346.9
-6586.55 -1407.73 -2407.95
-6560.04 -1443.27 -2468.75
-6532.81 -1478.66 -2529.28
-6504.87 -1513.89 -2589.55
-6476.22 -1548.96 -2649.54
-6446.86 -1583.87 -2709.25
-6416.8 -1618.61 -2768.67
-6386.04 -1653.17 -2827.8
-6354.59 -1687.57 -2886.63
-6322.45 -1721.78 -2945.16
-6289.63 -1755.82 -3003.37
-6256.13 -1789.67 -3061.27
-6221.95 -1823.33 -3118.84
-6187.1 -1856.79 -3176.09
-6151.59 -1890.07 -3233.01
-6115.42 -1923.14 -3289.58
-6078.58 -1956.01 -3345.81
-6041.1 -1988.68 -3401.69
-6002.97 -2021.14 -3457.21
-5964.2 -2053.39 -3512.38
-5924.79 -2085.42 -3567.17
-5884.75 -2117.24 -3621.59
-5844.09 -2148.84 -3675.64
-5802.8 -2180.21 -3729.3
-5760.9 -2211.36 -3782.58
-5718.38 -2242.27 -3835.46
-5675.26 -2272.96 -3887.95
-5631.54 -2303.4 -3940.03
-5587.22 -2333.61 -3991.71
-5542.32 -2363.58 -4042.97
-5496.83 -2393.31 -4093.82
-5450.76 -2422.79 -4144.24
-5404.12 -2452.02 -4194.24
-5356.92 -2480.99 -4243.8
-5309.15 -2509.72 -4292.93
-5260.83 -2538.18 -4341.63
-5211.95 -2566.39 -4389.87
-5162.53 -2594.33 -4437.67
-5112.58 -2622.01 -4485.01
-5062.09 -2649.42 -4531.9
-5011.08 -2676.56 -4578.32
-4959.54 -2703.43 -4624.28
-4907.49 -2730.02 -4669.77
-4854.94 -2756.34 -4714.79
-4801.88 -2782.38 -4759.33
-4748.32 -2808.13 -4803.38
-4694.28 -2833.61 -4846.95
-4639.75 -2858.79 -4890.03
-4584.75 -2883.69 -4932.62
-4529.27 -2908.3 -4974.72
-4473.33 -2932.61 -5016.31
-4416.93 -2956.63 -5057.4
-4360.08 -2980.36 -5097.98
-4302.78 -3003.78 -5138.05
-4245.04 -3026.91 -5177.6
-4186.87 -3049.73 -5216.64
-4128.27 -3072.25 -5255.16
-4069.26 -3094.47 -5293.16
-4009.83 -3116.37 -5330.63
-3949.99 -3137.97 -5367.57
-3889.75 -3159.25 -5403.98
-3829.12 -3180.22 -5439.85
-3768.1 -3200.88 -5475.19
-3706.7 -3221.22 -5509.98
-3644.93 -3241.25 -5544.23
-3582.78 -3260.95 -5577.94
-3520.28 -3280.33 -5611.09
-3457.43 -3299.39 -5643.69
-3394.22 -3318.13 -5675.74
-3330.68 -3336.54 -5707.24
-3266.8 -3354.63 -5738.17
-3202.59 -3372.38 -5768.55
-3138.07 -3389.81 -5798.36
-3073.23 -3406.91 -5827.61
-3008.08 -3423.68 -5856.28
-2942.63 -3440.11 -5884.39
-2876.89 -3456.21 -5911.93
-2810.86 -3471.97 -5938.9
-2744.55 -3487.4 -5965.29
-2677.97 -3502.49 -5991.1
-2611.13 -3517.25 -6016.34
-2544.02 -3531.66 -6040.99
-2476.66 -3545.73 -6065.06
-2409.06 -3559.47 -6088.55
-2341.22 -3572.86 -6111.46
-2273.14 -3585.9 -6133.78
-2204.84 -3598.61 -6155.51
-2136.32 -3610.97 -6176.65
-2067.59 -3622.98 -6197.2
-1998.66 -3634.65 -6217.16
-1929.53 -3645.97 -6236.53
-1860.21 -3656.95 -6255.3
-1790.7 -3667.58 -6273.48
-1721.01 -3677.86 -6291.07
-1651.16 -3687.79 -6308.06
-1581.14 -3697.37 -6324.45
-1510.97 -3706.6 -6340.24
-1440.65 -3715.49 -6355.43
-1370.18 -3724.02 -6370.02
-1299.58 -3732.2 -6384.02
-1228.84 -3740.03 -6397.41
-1157.99 -3747.51 -6410.2
-1087.02 -3754.63 -6422.39
-1015.94 -3761.41 -6433.98
-944.761 -3767.83 -6444.97
-873.486 -3773.9 -6455.35
-802.122 -3779.62 -6465.13
-730.676 -3784.98 -6474.31
-659.156 -3789.99 -6482.88
-587.567 -3794.65 -6490.85
-515.917 -3798.96 -6498.22
-444.213 -3802.92 -6504.98
-372.46 -3806.52 -6511.14
-300.667 -3809.77 -6516.7
-228.839 -3812.67 -6521.66
-156.983 -3815.21 -6526.01
-85.1062 -3817.4 -6529.76
-13.2147 -3819.24 -6532.91
58.6845 -3820.73 -6535.46
130.585 -3821.87 -6537.41
202.48 -3822.66 -6538.75
274.363 -3823.1 -6539.5
346.228 -3823.18 -6539.65
418.067 -3822.92 -6539.2
489.875 -3822.3 -6538.15
561.645 -3821.34 -6536.5
633.37 -3820.03 -6534.26
705.043 -3818.37 -6531.42
776.659 -3816.37 -6527.99
848.212 -3814.01 -6523.96
919.693 -3811.31 -6519.35
991.098 -3808.27 -6514.14
1062.42 -3804.88 -6508.34
1133.65 -3801.14 -6501.95
1204.79 -3797.07 -6494.97
1275.82 -3792.64 -6487.41
1346.75 -3787.88 -6479.26
1417.56 -3782.78 -6470.53
1488.24 -3777.33 -6461.22
1558.81 -3771.55 -6451.32
1629.24 -3765.42 -6440.85
1699.52 -3758.96 -6429.79
1769.67 -3752.16 -6418.16
1839.66 -3745.03 -6405.96
1909.49 -3737.56 -6393.18
1979.16 -3729.75 -6379.83
2048.66 -3721.61 -6365.91
2117.98 -3713.15 -6351.43
2187.12 -3704.35 -6336.37
2256.07 -3695.22 -6320.76
2324.83 -3685.76 -6304.58
2393.39 -3675.97 -6287.84
2461.74 -3665.86 -6270.54
2529.88 -3655.42 -6252.69
2597.8 -3644.66 -6234.28
2665.5 -3633.57 -6215.32
2732.97 -3622.17 -6195.81
2800.21 -3610.44 -6175.75
2867.21 -3598.4 -6155.15
2933.95 -3586.04 -6134
3000.45 -3573.36 -6112.32
3066.69 -3560.37 -6090.09
3132.67 -3547.06 -6067.33
3198.38 -3533.44 -6044.04
3263.81 -3519.51 -6020.22
3328.97 -3505.28 -5995.86
3393.83 -3490.73 -5970.98
3458.41 -3475.88 -5945.58
3522.7 -3460.73 -5919.66
3586.68 -3445.27 -5893.22
3650.35 -3429.51 -5866.27
3713.72 -3413.46 -5838.8
3776.77 -3397.1 -5810.82
3839.49 -3380.45 -5782.34
3901.89 -3363.5 -5753.35
3963.95 -3346.26 -5723.87
4025.68 -3328.73 -5693.88
4087.06 -3310.91 -5663.4
4148.1 -3292.81 -5632.43
4208.78 -3274.42 -5600.97
4269.11 -3255.74 -5569.02
4329.07 -3236.78 -5536.59
4388.67 -3217.54 -5503.68
4447.89 -3198.02 -5470.29
4506.73 -3178.23 -5436.43
4565.2 -3158.16 -5402.11
4623.27 -3137.82 -5367.31
4680.96 -3117.2 -5332.05
4738.25 -3096.32 -5296.33
4795.14 -3075.17 -5260.16
4851.62 -3053.76 -5223.53
4907.69 -3032.08 -5186.45
4963.35 -3010.14 -5148.92
5018.59 -2987.95 -5110.96
5073.4 -2965.49 -5072.55
5127.79 -2942.79 -5033.71
5181.75 -2919.82 -4994.43
5235.26 -2896.61 -4954.73
5288.34 -2873.15 -4914.6
5340.97 -2849.45 -4874.05
5393.16 -2825.5 -4833.08
5444.89 -2801.31 -4791.7
5496.16 -2776.87 -4749.91
5546.97 -2752.2 -4707.71
5597.31 -2727.3 -4665.11
5647.19 -2702.16 -4622.11
5696.59 -2676.79 -4578.72
5745.51 -2651.2 -4534.93
5793.96 -2625.37 -4490.76
5841.91 -2599.32 -4446.21
5889.38 -2573.06 -4401.27
5936.35 -2546.57 -4355.96
5982.83 -2519.86 -4310.28
6028.81 -2492.94 -4264.24
6074.28 -2465.81 -4217.82
6119.25 -2438.47 -4171.06
6163.7 -2410.92 -4123.93
6207.64 -2383.16 -4076.46
6251.06 -2355.2 -4028.63
6293.96 -2327.05 -3980.47
6336.34 -2298.69 -3931.97
6378.19 -2270.14 -3883.13
6419.5 -2241.4 -3833.96
6460.28 -2212.46 -3784.47
6500.53 -2183.34 -3734.66
6540.23 -2154.03 -3684.53
6579.39 -2124.54 -3634.08
6618 -2094.87 -3583.33
6656.06 -2065.03 -3532.27
6693.56 -2035 -3480.92
6730.51 -2004.81 -3429.27
6766.9 -1974.44 -3377.33
6802.73 -1943.91 -3325.1
6838 -1913.21 -3272.59
6872.69 -1882.35 -3219.8
6906.82 -1851.33 -3166.74
6940.37 -1820.15 -3113.42
6973.35 -1788.82 -3059.82
7005.75 -1757.34 -3005.97
7037.57 -1725.71 -2951.87
7068.81 -1693.93 -2897.51
7099.46 -1662.01 -2842.91
7129.52 -1629.95 -2788.06
7158.99 -1597.75 -2732.98
7187.87 -1565.41 -2677.67
7216.15 -1532.94 -2622.13
7243.84 -1500.34 -2566.37
7270.93 -1467.62 -2510.39
7297.41 -1434.77 -2454.2
7323.3 -1401.79 -2397.8
7348.57 -1368.7 -2341.2
7373.24 -1335.49 -2284.4
7397.3 -1302.17 -2227.4
7420.75 -1268.74 -2170.21
7443.59 -1235.2 -2112.84
7465.81 -1201.56 -2055.29
7487.41 -1167.81 -1997.56
7508.4 -1133.96 -1939.67
7528.76 -1100.02 -1881.61
7548.5 -1065.98 -1823.38
7567.62 -1031.85 -1765.01
7586.12 -997.634 -1706.48
7603.99 -963.332 -1647.8
7621.23 -928.947 -1588.98
7637.84 -894.482 -1530.03
7653.83 -859.941 -1470.95
7669.18 -825.325 -1411.74
7683.89 -790.639 -1352.41
7697.98 -755.884 -1292.96
7711.43 -721.064 -1233.4
7724.24 -686.182 -1173.73
7736.42 -651.239 -1113.96
7747.95 -616.241 -1054.09
7758.85 -581.188 -994.136
7769.11 -546.085 -934.09
7778.73 -510.933 -873.963
7787.7 -475.736 -813.758
7796.03 -440.498 -753.481
7803.73 -405.22 -693.137
7810.77 -369.905 -632.731
7817.17 -334.557 -572.268
7822.93 -299.179 -511.752
