0 0.0298818
10 0.0274202
20 0.0249547
30 0.0209893
40 0.0166075
50 0.0111115
60 0.00403727
70 -0.00318697
80 -0.0106153
90 -0.0191905
100 -0.0284782
110 -0.0378451
120 -0.0472361
130 -0.0570623
140 -0.0669444
150 -0.077043
160 -0.0868521
170 -0.0969822
180 -0.106946
190 -0.117223
200 -0.127382
210 -0.137596
220 -0.147884
230 -0.158318
240 -0.168696
250 -0.178957
260 -0.188937
270 -0.199016
280 -0.20916
290 -0.219054
300 -0.228981
310 -0.238739
320 -0.248569
330 -0.258355
340 -0.268069
350 -0.277684
360 -0.287256
370 -0.29678
380 -0.306218
390 -0.315784
400 -0.325313
410 -0.334874
420 -0.344475
430 -0.353798
440 -0.363217
450 -0.372409
460 -0.381583
470 -0.390724
480 -0.399847
490 -0.408886
500 -0.417839
510 -0.426752
520 -0.435753
530 -0.444637
540 -0.453416
550 -0.462213
560 -0.471001
570 -0.479766
580 -0.488573
590 -0.497383
600 -0.505995
610 -0.51468
620 -0.523281
630 -0.531914
640 -0.540572
650 -0.549128
660 -0.557717
670 -0.566255
680 -0.574719
690 -0.583292
700 -0.591687
710 -0.600173
720 -0.608578
730 -0.616904
740 -0.625289
750 -0.633695
760 -0.642009
770 -0.650317
780 -0.658618
790 -0.66685
800 -0.675095
810 -0.683313
820 -0.691443
830 -0.699768
840 -0.708037
850 -0.716297
860 -0.724529
870 -0.73279
880 -0.741019
890 -0.749267
900 -0.757477
910 -0.765655
920 -0.773853
930 -0.78211
940 -0.79042
950 -0.79873
960 -0.807035
970 -0.815452
980 -0.823761
990 -0.832134
1000 -0.840532
