0 0.0200033
10 0.0142814
20 0.0119971
30 0.0108271
40 0.0101574
50 0.0097398
60 0.0094547
70 0.00923963
80 0.00906109
90 0.0089011
100 0.0087502
110 0.00860366
120 0.00845931
130 0.00831638
140 0.00817479
150 0.00803476
160 0.00789665
170 0.00776082
180 0.00762758
190 0.0074972
200 0.00736987
210 0.00724573
220 0.00712486
230 0.00700729
240 0.00689304
250 0.00678207
260 0.00667434
270 0.00656977
280 0.0064683
290 0.00636983
300 0.00627429
310 0.00618156
320 0.00609156
330 0.00600419
340 0.00591936
350 0.00583697
360 0.00575692
370 0.00567915
380 0.00560355
390 0.00553004
400 0.00545856
410 0.00538901
420 0.00532132
430 0.00525544
440 0.0051913
450 0.00514151
460 0.0050921
470 0.00504309
480 0.00499454
490 0.00494646
500 0.00489889
510 0.00485187
520 0.00480541
530 0.00475954
540 0.00471429
550 0.00466966
560 0.00462566
570 0.00458232
580 0.00453964
590 0.00449762
600 0.00445627
610 0.00441559
620 0.00437558
630 0.00433625
640 0.00429758
650 0.00425959
660 0.00422226
670 0.00418559
680 0.00414958
690 0.00411421
700 0.00407949
710 0.00404541
720 0.00401195
730 0.00397912
740 0.00394691
750 0.0039153
760 0.0038843
770 0.00385389
780 0.00382406
790 0.003801
800 0.00377821
810 0.00375568
820 0.00373342
830 0.00371145
840 0.00368976
850 0.00366836
860 0.00364725
870 0.00362644
880 0.00360594
890 0.00358574
900 0.00356585
910 0.00354627
920 0.00352701
930 0.00350806
940 0.00348943
950 0.00347112
960 0.00345313
970 0.00343546
980 0.00341812
990 0.00340109
1000 0.00338439
