0 0.0282741
10 0.020203
20 0.0169881
30 0.015349
40 0.0144176
50 0.0138433
60 0.0134564
70 0.0131684
80 0.0129318
90 0.0127209
100 0.0125224
110 0.0123294
120 0.0121389
130 0.0119498
140 0.011762
150 0.0115759
160 0.0113919
170 0.0112106
180 0.0110325
190 0.010858
200 0.0106874
210 0.0105208
220 0.0103585
230 0.0102005
240 0.0100468
250 0.0098974
260 0.00975222
270 0.0096112
280 0.00947425
290 0.00934124
300 0.00921206
310 0.00908657
320 0.00896465
330 0.00884617
340 0.008731
350 0.00861901
360 0.00851007
370 0.00840406
380 0.00830087
390 0.00820037
400 0.00810246
410 0.00800704
420 0.00791399
430 0.00782323
440 0.00773467
450 0.00765014
460 0.00756813
470 0.00748841
480 0.00741082
490 0.00733521
500 0.00726144
510 0.0071894
520 0.00711899
530 0.00705013
540 0.00698273
550 0.00691672
560 0.00685203
570 0.00678862
580 0.00672641
590 0.00666537
600 0.00660544
610 0.00654659
620 0.00648876
630 0.00643193
640 0.00637606
650 0.0063211
660 0.00626703
670 0.00621383
680 0.00616145
690 0.00610988
700 0.00605908
710 0.00600904
720 0.00595972
730 0.00591111
740 0.00586318
750 0.00581592
760 0.0057693
770 0.00572331
780 0.00567792
790 0.0056186
800 0.00556113
810 0.00550536
820 0.00545119
830 0.0053985
840 0.00534719
850 0.00529718
860 0.00524838
870 0.00520072
880 0.00515413
890 0.00510855
900 0.00506393
910 0.00502021
920 0.00497735
930 0.0049353
940 0.00489402
950 0.00485348
960 0.00481363
970 0.00477446
980 0.00473592
990 0.004698
1000 0.00466067
