0 -0.227328
10 0.413304
20 1.59147
30 3.29057
40 5.32318
50 7.35133
60 8.96302
70 9.77705
80 9.53553
90 8.16471
100 5.78036
110 2.65272
120 -0.858528
130 -4.37884
140 -7.58186
150 -10.238
160 -12.2311
170 -13.5589
180 -14.3109
190 -14.6409
200 -14.7304
210 -14.7616
220 -14.8903
230 -15.2293
240 -15.8435
250 -16.7494
260 -17.9226
270 -19.3069
280 -20.8272
290 -22.4016
300 -23.9511
310 -25.4096
320 -26.7265
330 -27.8726
340 -28.839
350 -29.6351
360 -30.2851
370 -30.8235
380 -31.2906
390 -31.7275
400 -32.1736
410 -32.6619
420 -33.2168
430 -33.8541
440 -34.5799
450 -35.4146
460 -36.2955
470 -37.2106
480 -38.1471
490 -39.0904
500 -40.0269
510 -40.945
520 -41.8339
530 -42.6865
540 -43.4971
550 -44.264
560 -44.9876
570 -45.6704
580 -46.3172
590 -46.9344
600 -47.5289
610 -48.108
620 -48.6792
630 -49.2493
640 -49.824
650 -50.4076
660 -51.0033
670 -51.6127
680 -52.236
690 -52.8721
700 -53.5186
710 -54.1722
720 -54.8292
730 -55.4853
740 -56.1362
750 -56.7777
760 -57.4064
770 -58.0189
780 -58.6131
790 -59.5381
800 -60.3803
810 -61.1294
820 -61.7809
830 -62.3356
840 -62.7985
850 -63.1791
860 -63.4897
870 -63.7447
880 -63.9595
890 -64.15
900 -64.3318
910 -64.519
920 -64.7239
930 -64.9565
940 -65.2242
950 -65.5317
960 -65.8812
970 -66.2722
980 -66.7018
990 -67.1653
1000 -67.6561
