0 0.0646751
10 0.0674107
20 0.0688352
30 0.0694249
40 0.0685795
50 0.0681783
60 0.0661537
70 0.0640865
80 0.061796
90 0.0598511
100 0.0574384
110 0.0550927
120 0.0530162
130 0.0504244
140 0.0476433
150 0.0450835
160 0.0429859
170 0.0411333
180 0.0392345
190 0.0372597
200 0.0355446
210 0.033612
220 0.0318963
230 0.0299426
240 0.0274689
250 0.0249658
260 0.0224477
270 0.0203609
280 0.0181595
290 0.0161119
300 0.0137881
310 0.011436
320 0.0094077
330 0.00726495
340 0.00529994
350 0.00381208
360 0.00222111
370 0.000757037
380 -0.000649708
390 -0.00220334
400 -0.00401308
410 -0.00579953
420 -0.00758741
430 -0.00936449
440 -0.0111889
450 -0.0131411
460 -0.0153033
470 -0.0175161
480 -0.0200554
490 -0.0226833
500 -0.0251975
510 -0.0280445
520 -0.0308236
530 -0.0338577
540 -0.0367357
550 -0.0397245
560 -0.0429439
570 -0.0462259
580 -0.0495381
590 -0.0530242
600 -0.0566857
610 -0.0606433
620 -0.0645854
630 -0.0687485
640 -0.0729888
650 -0.0774416
660 -0.082115
670 -0.0868471
680 -0.0916767
690 -0.0966167
700 -0.10171
710 -0.106951
720 -0.112192
730 -0.117664
740 -0.123205
750 -0.128825
760 -0.134533
770 -0.140407
780 -0.14643
790 -0.152555
800 -0.158733
810 -0.164932
820 -0.171281
830 -0.177868
840 -0.184674
850 -0.191576
860 -0.19858
870 -0.205808
880 -0.213234
890 -0.220703
900 -0.228283
910 -0.236011
920 -0.243915
930 -0.251986
940 -0.260306
950 -0.268746
960 -0.277207
970 -0.28591
980 -0.294703
990 -0.303615
1000 -0.312646
