-2779.721297 -15037.048542 -21747.387613
-19192.179615  14477.106286  10954.454165
7918.275669 -23870.921364   7725.926987
-25989.700101   5515.620606  -2919.183608
 -8451.186498  13184.193075  21401.579698
 13361.212984 -18115.341783  13837.688012
-18188.715497  -7755.023101  17955.128821
-25251.350076  -1772.867869   9151.422687
-25034.031043   1416.640594   8446.766940
-20661.664290  -3918.874010  16145.601299
  3474.148639 -19734.729025 -17813.549471
  8061.616672  21379.566327 -13767.595390
 -7907.237036 -16270.472368  19264.444642
 15745.326375  -2023.875166 -21052.094260
 -3019.269351  26033.693978  -3268.439643
  8437.023585 -12225.260767  21960.739622
-15693.517318   2021.540553 -21057.781938
 20646.377097  16688.186881  -2799.372749
  6803.969514 -25306.114323  -2653.224353
-11819.035428 -21123.024274 -11209.921679
 20319.930945   6840.096190  16575.223881
 21853.171066   6898.220979 -13354.262489
 -2252.407836 -23724.698921  11384.211400
 -2334.069859  16113.408764 -20975.097252
 17945.534372  19493.643593  -2623.613551
-12709.701654  21782.338991   7146.831641
 12534.406822 -20956.927092  10414.743785
-20855.766175 -11429.415815 -11390.180828
  6195.356183  19664.206572  16809.105172
 25778.699500  -7047.218375    438.840653
  -630.546870 -19948.197931 -17695.696105