-2753.202557 -15044.468098 -21745.516677
-19206.309920  14478.062033  10927.299566
  7920.869429 -23860.005702   7755.099082
-25987.433374   5511.522874  -2949.966802
 -8471.290917  13165.673619  21405.181019
 13360.957998 -18097.420840  13861.841826
-18167.268692  -7761.989605  17973.579895
-25240.454971  -1775.709317   9180.762965
-25023.613521   1411.567757   8476.436503
-20675.150801  -3935.073862  16125.222206
  3493.915653 -19744.855386 -17797.798930
  8048.548787  21368.156270 -13792.815176
 -7897.802672 -16293.364568  19248.928514
 15737.638629  -1997.736488 -21060.392291
 -3023.751176  26036.976311  -3237.361105
  8456.393686 -12205.152716  21964.799297
-15686.677519   1995.080867 -21065.551781
 20646.812562  16693.578470  -2768.879005
  6807.904485 -25308.184744  -2621.341844
-11806.295421 -21116.363163 -11236.230793
 20301.438641   6847.585857  16595.025756
 21863.610286   6912.350207 -13330.354166
 -2246.048876 -23737.993681  11357.105942
 -2359.805371  16120.355768 -20966.807099
 17941.608211  19493.033501  -2655.374446
-12708.818060  21772.025236   7177.366480
 12533.690242 -20943.460414  10442.657383
-20864.832867 -11441.855099 -11362.659985
  6187.726242  19684.072321  16788.640279
 25779.513899  -7045.390949    406.884949
  -614.526231 -19932.341887 -17713.492585