  5483.765832 -11641.944894 -22029.803912
 -6676.605781 -21846.310202 -11295.822450
-14964.936135 -19648.584986   6381.066678
-14472.160893  -5702.446567  20226.591036
 -5618.776489  11453.530377  22074.800448
  6973.681595  22079.495879  10715.430555
 14944.411337  19670.530020  -6350.540959
 14517.354552   6003.806947 -20037.849213
   554.121774  10745.983225 -23142.819310
  17653.786838   7509.843052 -16777.895250
  25549.377868      6.867549   -279.413856
  17740.275395  -7587.921652  16570.430742
   -573.079023 -10569.451556  23197.677359
 -18108.970819  -7341.661892  16429.049549
 -25445.475935    296.625372   -606.592086
 -17447.644380   7798.030762 -16970.702122
  -5633.064847 -11023.793447 -22287.505165
 -14340.241907   5660.883975 -20329.323220
 -14213.593230  20952.942934  -3061.848529
  -5089.793149  20910.237244  13734.365695
   5942.767104  10578.237044  22417.021403
  14313.089352  -5727.588126  20277.712395
  14790.892537 -19924.396374   5922.119584
   6827.968344 -21990.598110 -11005.977733