  5498.660369 -11615.726554 -22039.909370
 -6669.989064 -21832.154261 -11326.986347
-14970.650650 -19655.284883   6346.743927
-14486.823022  -5725.910900  20209.449188
 -5633.775130  11427.249492  22084.598388
  6967.327364  22066.167934  10746.894826
 14950.156885  19677.267224  -6316.221110
 14531.907783   6027.218313 -20020.280957
   522.458807  10745.733608 -23143.583721
 17630.750109   7508.187033 -16802.928695
 25548.952071      4.595064   -315.326727
 17763.080048  -7589.063799  16545.342947
  -541.253240 -10569.582654  23198.374081
-18086.425494  -7339.919029  16454.554394
-25446.302407    298.997240   -570.448890
-17470.789543   7799.308695 -16946.330496
 -5618.077757 -11050.442759 -22278.133963
-14325.363874   5637.289028 -20346.260902
-14209.814210  20950.291811  -3097.368776
 -5098.101165  20927.145395  13705.543577
  5927.563899  10604.951577  22408.335301
 14298.391383  -5703.934422  20294.864024
 14785.262605 -19918.242757   5956.707476
  6834.100859 -22004.393771 -10974.486327